cycle  INDEX  OPCODE          WIDTH  SDC  SYMPTOM  TRUE  
0      59     store           32     0    0        32    
1      60     store           64     64   0        0     
2      61     store           32     31   1        0     
3      65     br              1      1    0        0     
4      68     call            64     32   0        32    
5      6      store           64     32   0        32    
6      7      store           64     14   50       0     
7      8      store           64     32   0        32    
8      9      store           64     62   0        2     
9      10     store           64     0    0        64    
10     11     store           32     0    1        31    
11     15     br              1      0    0        1     
12     22     store           64     64   0        0     
13     25     store           64     32   0        32    
14     28     store           64     33   0        31    
15     32     store           64     1    0        63    
16     36     br              1      1    0        0     
17     48     store           32     0    1        31    
18     15     br              1      0    0        1     
19     22     store           64     64   0        0     
20     25     store           64     32   0        32    
21     28     store           64     34   0        30    
22     32     store           64     1    0        63    
23     36     br              1      1    0        0     
24     48     store           32     0    1        31    
25     15     br              1      0    0        1     
26     22     store           64     64   0        0     
27     25     store           64     32   0        32    
28     28     store           64     35   0        29    
29     32     store           64     1    0        63    
30     36     br              1      1    0        0     
31     48     store           32     0    1        31    
32     15     br              1      0    0        1     
33     22     store           64     64   0        0     
34     25     store           64     32   0        32    
35     28     store           64     36   0        28    
36     32     store           64     1    0        63    
37     36     br              1      1    0        0     
38     48     store           32     0    1        31    
39     15     br              1      0    0        1     
40     22     store           64     64   0        0     
41     25     store           64     32   0        32    
42     28     store           64     37   0        27    
43     32     store           64     1    0        63    
44     36     br              1      1    0        0     
45     48     store           32     0    1        31    
46     15     br              1      0    0        1     
47     22     store           64     64   0        0     
48     25     store           64     32   0        32    
49     28     store           64     38   0        26    
50     32     store           64     1    0        63    
51     36     br              1      1    0        0     
52     48     store           32     0    1        31    
53     15     br              1      0    0        1     
54     22     store           64     64   0        0     
55     25     store           64     32   0        32    
56     28     store           64     39   0        25    
57     32     store           64     1    0        63    
58     36     br              1      1    0        0     
59     48     store           32     0    1        31    
60     15     br              1      0    0        1     
61     22     store           64     64   0        0     
62     25     store           64     32   0        32    
63     28     store           64     40   0        24    
64     32     store           64     1    0        63    
65     36     br              1      1    0        0     
66     48     store           32     0    1        31    
67     15     br              1      0    0        1     
68     22     store           64     64   0        0     
69     25     store           64     32   0        32    
70     28     store           64     41   0        23    
71     32     store           64     1    0        63    
72     36     br              1      1    0        0     
73     48     store           32     0    1        31    
74     15     br              1      0    0        1     
75     22     store           64     64   0        0     
76     25     store           64     32   0        32    
77     28     store           64     42   0        22    
78     32     store           64     1    0        63    
79     36     br              1      1    0        0     
80     48     store           32     0    1        31    
81     15     br              1      0    0        1     
82     22     store           64     64   0        0     
83     25     store           64     32   0        32    
84     28     store           64     43   0        21    
85     32     store           64     1    0        63    
86     36     br              1      1    0        0     
87     48     store           32     0    1        31    
88     15     br              1      0    0        1     
89     22     store           64     64   0        0     
90     25     store           64     32   0        32    
91     28     store           64     44   0        20    
92     32     store           64     1    0        63    
93     36     br              1      1    0        0     
94     48     store           32     0    1        31    
95     15     br              1      0    0        1     
96     22     store           64     64   0        0     
97     25     store           64     32   0        32    
98     28     store           64     45   0        19    
99     32     store           64     1    0        63    
100    36     br              1      1    0        0     
101    48     store           32     0    1        31    
102    15     br              1      0    0        1     
103    22     store           64     64   0        0     
104    25     store           64     32   0        32    
105    28     store           64     46   0        18    
106    32     store           64     1    0        63    
107    36     br              1      1    0        0     
108    48     store           32     0    1        31    
109    15     br              1      0    0        1     
110    22     store           64     64   0        0     
111    25     store           64     32   0        32    
112    28     store           64     47   0        17    
113    32     store           64     1    0        63    
114    36     br              1      1    0        0     
115    48     store           32     0    1        31    
116    15     br              1      0    0        1     
117    22     store           64     64   0        0     
118    25     store           64     32   0        32    
119    28     store           64     48   0        16    
120    32     store           64     1    0        63    
121    36     br              1      1    0        0     
122    48     store           32     0    1        31    
123    15     br              1      0    0        1     
124    22     store           64     64   0        0     
125    25     store           64     30   0        34    
126    28     store           64     49   0        15    
127    32     store           64     1    0        63    
128    36     br              1      1    0        0     
129    48     store           32     0    1        31    
130    15     br              1      0    0        1     
131    22     store           64     64   0        0     
132    25     store           64     28   0        36    
133    28     store           64     50   0        14    
134    32     store           64     1    0        63    
135    36     br              1      1    0        0     
136    48     store           32     0    1        31    
137    15     br              1      0    0        1     
138    22     store           64     64   0        0     
139    25     store           64     26   0        38    
140    28     store           64     51   0        13    
141    32     store           64     1    0        63    
142    36     br              1      1    0        0     
143    48     store           32     0    1        31    
144    15     br              1      0    0        1     
145    22     store           64     64   0        0     
146    25     store           64     24   0        40    
147    28     store           64     52   0        12    
148    32     store           64     1    0        63    
149    36     br              1      1    0        0     
150    48     store           32     0    1        31    
151    15     br              1      0    0        1     
152    22     store           64     64   0        0     
153    25     store           64     22   0        42    
154    28     store           64     53   0        11    
155    32     store           64     1    0        63    
156    36     br              1      1    0        0     
157    48     store           32     0    1        31    
158    15     br              1      0    0        1     
159    22     store           64     64   0        0     
160    25     store           64     20   0        44    
161    28     store           64     54   0        10    
162    32     store           64     1    0        63    
163    36     br              1      1    0        0     
164    48     store           32     0    1        31    
165    15     br              1      0    0        1     
166    22     store           64     64   0        0     
167    25     store           64     18   0        46    
168    28     store           64     55   0        9     
169    32     store           64     1    0        63    
170    36     br              1      1    0        0     
171    48     store           32     0    1        31    
172    15     br              1      0    0        1     
173    22     store           64     64   0        0     
174    25     store           64     16   0        48    
175    28     store           64     56   0        8     
176    32     store           64     1    0        63    
177    36     br              1      1    0        0     
178    48     store           32     0    1        31    
179    15     br              1      0    0        1     
180    22     store           64     64   0        0     
181    25     store           64     14   0        50    
182    28     store           64     57   0        7     
183    32     store           64     1    0        63    
184    36     br              1      1    0        0     
185    48     store           32     0    1        31    
186    15     br              1      0    0        1     
187    22     store           64     64   0        0     
188    25     store           64     12   0        52    
189    28     store           64     58   0        6     
190    32     store           64     1    0        63    
191    36     br              1      1    0        0     
192    48     store           32     0    1        31    
193    15     br              1      0    0        1     
194    22     store           64     64   0        0     
195    25     store           64     10   0        54    
196    28     store           64     59   0        5     
197    32     store           64     1    0        63    
198    36     br              1      1    0        0     
199    48     store           32     0    1        31    
200    15     br              1      0    0        1     
201    22     store           64     64   0        0     
202    25     store           64     8    0        56    
203    28     store           64     60   0        4     
204    32     store           64     1    0        63    
205    36     br              1      1    0        0     
206    48     store           32     0    1        31    
207    15     br              1      0    0        1     
208    22     store           64     64   0        0     
209    25     store           64     6    0        58    
210    28     store           64     61   0        3     
211    32     store           64     1    0        63    
212    36     br              1      1    0        0     
213    48     store           32     0    1        31    
214    15     br              1      0    0        1     
215    22     store           64     64   0        0     
216    25     store           64     4    0        60    
217    28     store           64     62   0        2     
218    32     store           64     1    0        63    
219    36     br              1      1    0        0     
220    48     store           32     0    1        31    
221    15     br              1      0    0        1     
222    22     store           64     64   0        0     
223    25     store           64     2    0        62    
224    28     store           64     63   0        1     
225    32     store           64     1    0        63    
226    36     br              1      1    0        0     
227    48     store           32     0    1        31    
228    15     br              1      0    0        1     
229    22     store           64     64   0        0     
230    25     store           64     0    0        64    
231    28     store           64     64   0        0     
232    32     store           64     1    0        63    
233    36     br              1      1    0        0     
234    48     store           32     0    1        31    
235    15     br              1      0    0        1     
236    53     call            64     14   50       0     
237    74     call            64     13   51       0     
238    78     store           32     31   1        0     
239    65     br              1      1    0        0     
240    68     call            64     32   0        32    
241    6      store           64     32   0        32    
242    7      store           64     16   48       0     
243    8      store           64     47   0        17    
244    9      store           64     62   0        2     
245    10     store           64     0    0        64    
246    11     store           32     31   1        0     
247    15     br              1      1    0        0     
248    22     store           64     64   0        0     
249    25     store           64     32   0        32    
250    28     store           64     48   0        16    
251    32     store           64     1    0        63    
252    36     br              1      1    0        0     
253    48     store           32     31   1        0     
254    15     br              1      1    0        0     
255    22     store           64     64   0        0     
256    25     store           64     32   0        32    
257    28     store           64     49   0        15    
258    32     store           64     1    0        63    
259    36     br              1      1    0        0     
260    48     store           32     31   1        0     
261    15     br              1      1    0        0     
262    22     store           64     64   0        0     
263    25     store           64     32   0        32    
264    28     store           64     50   0        14    
265    32     store           64     1    0        63    
266    36     br              1      1    0        0     
267    48     store           32     31   1        0     
268    15     br              1      1    0        0     
269    22     store           64     64   0        0     
270    25     store           64     32   0        32    
271    28     store           64     51   0        13    
272    32     store           64     1    0        63    
273    36     br              1      1    0        0     
274    48     store           32     31   1        0     
275    15     br              1      1    0        0     
276    22     store           64     64   0        0     
277    25     store           64     32   0        32    
278    28     store           64     52   0        12    
279    32     store           64     1    0        63    
280    36     br              1      1    0        0     
281    48     store           32     31   1        0     
282    15     br              1      1    0        0     
283    22     store           64     64   0        0     
284    25     store           64     32   0        32    
285    28     store           64     53   0        11    
286    32     store           64     1    0        63    
287    36     br              1      1    0        0     
288    48     store           32     31   1        0     
289    15     br              1      1    0        0     
290    22     store           64     64   0        0     
291    25     store           64     32   0        32    
292    28     store           64     54   0        10    
293    32     store           64     1    0        63    
294    36     br              1      1    0        0     
295    48     store           32     31   1        0     
296    15     br              1      1    0        0     
297    22     store           64     64   0        0     
298    25     store           64     30   0        34    
299    28     store           64     55   0        9     
300    32     store           64     1    0        63    
301    36     br              1      1    0        0     
302    48     store           32     31   1        0     
303    15     br              1      1    0        0     
304    22     store           64     64   0        0     
305    25     store           64     28   0        36    
306    28     store           64     56   0        8     
307    32     store           64     1    0        63    
308    36     br              1      1    0        0     
309    48     store           32     31   1        0     
310    15     br              1      1    0        0     
311    22     store           64     64   0        0     
312    25     store           64     26   0        38    
313    28     store           64     57   0        7     
314    32     store           64     1    0        63    
315    36     br              1      1    0        0     
316    48     store           32     31   1        0     
317    15     br              1      1    0        0     
318    22     store           64     64   0        0     
319    25     store           64     24   0        40    
320    28     store           64     58   0        6     
321    32     store           64     1    0        63    
322    36     br              1      1    0        0     
323    48     store           32     31   1        0     
324    15     br              1      1    0        0     
325    22     store           64     64   0        0     
326    25     store           64     22   0        42    
327    28     store           64     59   0        5     
328    32     store           64     1    0        63    
329    36     br              1      1    0        0     
330    48     store           32     31   1        0     
331    15     br              1      1    0        0     
332    22     store           64     64   0        0     
333    25     store           64     20   0        44    
334    28     store           64     60   0        4     
335    32     store           64     1    0        63    
336    36     br              1      1    0        0     
337    48     store           32     31   1        0     
338    15     br              1      1    0        0     
339    22     store           64     64   0        0     
340    25     store           64     18   0        46    
341    28     store           64     61   0        3     
342    32     store           64     1    0        63    
343    36     br              1      1    0        0     
344    48     store           32     31   1        0     
345    15     br              1      1    0        0     
346    22     store           64     64   0        0     
347    25     store           64     16   0        48    
348    28     store           64     62   0        2     
349    32     store           64     1    0        63    
350    36     br              1      1    0        0     
351    48     store           32     31   1        0     
352    15     br              1      1    0        0     
353    22     store           64     62   0        2     
354    25     store           64     14   0        50    
355    28     store           64     63   0        1     
356    32     store           64     64   0        0     
357    36     br              1      1    0        0     
358    40     store           64     62   0        2     
359    43     store           64     48   0        16    
360    48     store           32     31   1        0     
361    15     br              1      1    0        0     
362    22     store           64     64   0        0     
363    25     store           64     12   0        52    
364    28     store           64     49   0        15    
365    32     store           64     0    0        64    
366    36     br              1      1    0        0     
367    48     store           32     31   1        0     
368    15     br              1      1    0        0     
369    22     store           64     64   0        0     
370    25     store           64     10   0        54    
371    28     store           64     50   0        14    
372    32     store           64     0    0        64    
373    36     br              1      1    0        0     
374    48     store           32     31   1        0     
375    15     br              1      1    0        0     
376    22     store           64     64   0        0     
377    25     store           64     8    0        56    
378    28     store           64     51   0        13    
379    32     store           64     0    0        64    
380    36     br              1      1    0        0     
381    48     store           32     31   1        0     
382    15     br              1      1    0        0     
383    22     store           64     64   0        0     
384    25     store           64     6    0        58    
385    28     store           64     52   0        12    
386    32     store           64     0    0        64    
387    36     br              1      1    0        0     
388    48     store           32     31   1        0     
389    15     br              1      1    0        0     
390    22     store           64     64   0        0     
391    25     store           64     4    0        60    
392    28     store           64     53   0        11    
393    32     store           64     0    0        64    
394    36     br              1      1    0        0     
395    48     store           32     31   1        0     
396    15     br              1      1    0        0     
397    22     store           64     64   0        0     
398    25     store           64     2    0        62    
399    28     store           64     54   0        10    
400    32     store           64     0    0        64    
401    36     br              1      1    0        0     
402    48     store           32     31   1        0     
403    15     br              1      1    0        0     
404    22     store           64     64   0        0     
405    25     store           64     0    0        64    
406    28     store           64     55   0        9     
407    32     store           64     0    0        64    
408    36     br              1      1    0        0     
409    48     store           32     31   1        0     
410    15     br              1      1    0        0     
411    22     store           64     62   0        2     
412    25     store           64     0    0        64    
413    28     store           64     56   0        8     
414    32     store           64     0    0        64    
415    36     br              1      1    0        0     
416    48     store           32     31   1        0     
417    15     br              1      1    0        0     
418    22     store           64     60   0        4     
419    25     store           64     0    0        64    
420    28     store           64     57   0        7     
421    32     store           64     0    0        64    
422    36     br              1      1    0        0     
423    48     store           32     31   1        0     
424    15     br              1      1    0        0     
425    22     store           64     58   0        6     
426    25     store           64     0    0        64    
427    28     store           64     58   0        6     
428    32     store           64     0    0        64    
429    36     br              1      1    0        0     
430    48     store           32     31   1        0     
431    15     br              1      1    0        0     
432    22     store           64     56   0        8     
433    25     store           64     0    0        64    
434    28     store           64     59   0        5     
435    32     store           64     0    0        64    
436    36     br              1      1    0        0     
437    48     store           32     31   1        0     
438    15     br              1      1    0        0     
439    22     store           64     54   0        10    
440    25     store           64     0    0        64    
441    28     store           64     60   0        4     
442    32     store           64     0    0        64    
443    36     br              1      1    0        0     
444    48     store           32     31   1        0     
445    15     br              1      1    0        0     
446    22     store           64     52   0        12    
447    25     store           64     0    0        64    
448    28     store           64     61   0        3     
449    32     store           64     0    0        64    
450    36     br              1      1    0        0     
451    48     store           32     31   1        0     
452    15     br              1      1    0        0     
453    22     store           64     50   0        14    
454    25     store           64     0    0        64    
455    28     store           64     62   0        2     
456    32     store           64     0    0        64    
457    36     br              1      1    0        0     
458    48     store           32     31   1        0     
459    15     br              1      1    0        0     
460    22     store           64     48   0        16    
461    25     store           64     0    0        64    
462    28     store           64     63   0        1     
463    32     store           64     0    0        64    
464    36     br              1      1    0        0     
465    48     store           32     31   1        0     
466    15     br              1      1    0        0     
467    22     store           64     46   0        18    
468    25     store           64     0    0        64    
469    28     store           64     64   0        0     
470    32     store           64     0    0        64    
471    36     br              1      1    0        0     
472    48     store           32     1    1        30    
473    15     br              1      1    0        0     
474    53     call            64     15   49       0     
475    74     call            64     13   51       0     
476    78     store           32     1    1        30    
477    65     br              1      1    0        0     
478    81     call            64     32   0        32    
479    6      store           64     32   0        32    
480    7      store           64     14   50       0     
481    8      store           64     61   0        3     
482    9      store           64     62   0        2     
483    10     store           64     0    0        64    
484    11     store           32     31   1        0     
485    15     br              1      1    0        0     
486    22     store           64     64   0        0     
487    25     store           64     30   0        34    
488    28     store           64     62   0        2     
489    32     store           64     1    0        63    
490    36     br              1      1    0        0     
491    48     store           32     31   1        0     
492    15     br              1      1    0        0     
493    22     store           64     44   0        20    
494    25     store           64     28   0        36    
495    28     store           64     63   0        1     
496    32     store           64     64   0        0     
497    36     br              1      1    0        0     
498    40     store           64     44   0        20    
499    43     store           64     62   0        2     
500    48     store           32     31   1        0     
501    15     br              1      1    0        0     
502    22     store           64     46   0        18    
503    25     store           64     26   0        38    
504    28     store           64     63   0        1     
505    32     store           64     64   0        0     
506    36     br              1      1    0        0     
507    40     store           64     46   0        18    
508    43     store           64     62   0        2     
509    48     store           32     31   1        0     
510    15     br              1      1    0        0     
511    22     store           64     48   0        16    
512    25     store           64     24   0        40    
513    28     store           64     63   0        1     
514    32     store           64     64   0        0     
515    36     br              1      1    0        0     
516    40     store           64     48   0        16    
517    43     store           64     62   0        2     
518    48     store           32     31   1        0     
519    15     br              1      1    0        0     
520    22     store           64     50   0        14    
521    25     store           64     22   0        42    
522    28     store           64     63   0        1     
523    32     store           64     64   0        0     
524    36     br              1      1    0        0     
525    40     store           64     50   0        14    
526    43     store           64     62   0        2     
527    48     store           32     31   1        0     
528    15     br              1      1    0        0     
529    22     store           64     52   0        12    
530    25     store           64     20   0        44    
531    28     store           64     63   0        1     
532    32     store           64     64   0        0     
533    36     br              1      1    0        0     
534    40     store           64     52   0        12    
535    43     store           64     62   0        2     
536    48     store           32     31   1        0     
537    15     br              1      1    0        0     
538    22     store           64     54   0        10    
539    25     store           64     18   0        46    
540    28     store           64     63   0        1     
541    32     store           64     64   0        0     
542    36     br              1      1    0        0     
543    40     store           64     54   0        10    
544    43     store           64     62   0        2     
545    48     store           32     31   1        0     
546    15     br              1      1    0        0     
547    22     store           64     56   0        8     
548    25     store           64     16   0        48    
549    28     store           64     63   0        1     
550    32     store           64     64   0        0     
551    36     br              1      1    0        0     
552    40     store           64     56   0        8     
553    43     store           64     62   0        2     
554    48     store           32     31   1        0     
555    15     br              1      1    0        0     
556    22     store           64     58   0        6     
557    25     store           64     14   0        50    
558    28     store           64     63   0        1     
559    32     store           64     64   0        0     
560    36     br              1      1    0        0     
561    40     store           64     58   0        6     
562    43     store           64     62   0        2     
563    48     store           32     31   1        0     
564    15     br              1      1    0        0     
565    22     store           64     60   0        4     
566    25     store           64     12   0        52    
567    28     store           64     63   0        1     
568    32     store           64     64   0        0     
569    36     br              1      1    0        0     
570    40     store           64     60   0        4     
571    43     store           64     62   0        2     
572    48     store           32     31   1        0     
573    15     br              1      1    0        0     
574    22     store           64     62   0        2     
575    25     store           64     10   0        54    
576    28     store           64     63   0        1     
577    32     store           64     64   0        0     
578    36     br              1      1    0        0     
579    40     store           64     62   0        2     
580    43     store           64     61   0        3     
581    48     store           32     31   1        0     
582    15     br              1      1    0        0     
583    22     store           64     64   0        0     
584    25     store           64     8    0        56    
585    28     store           64     62   0        2     
586    32     store           64     2    0        62    
587    36     br              1      1    0        0     
588    48     store           32     31   1        0     
589    15     br              1      1    0        0     
590    22     store           64     60   0        4     
591    25     store           64     6    0        58    
592    28     store           64     63   0        1     
593    32     store           64     64   0        0     
594    36     br              1      1    0        0     
595    40     store           64     60   0        4     
596    43     store           64     62   0        2     
597    48     store           32     31   1        0     
598    15     br              1      1    0        0     
599    22     store           64     62   0        2     
600    25     store           64     4    0        60    
601    28     store           64     63   0        1     
602    32     store           64     64   0        0     
603    36     br              1      1    0        0     
604    40     store           64     62   0        2     
605    43     store           64     61   0        3     
606    48     store           32     31   1        0     
607    15     br              1      1    0        0     
608    22     store           64     64   0        0     
609    25     store           64     2    0        62    
610    28     store           64     62   0        2     
611    32     store           64     1    0        63    
612    36     br              1      1    0        0     
613    48     store           32     31   1        0     
614    15     br              1      1    0        0     
615    22     store           64     62   0        2     
616    25     store           64     0    0        64    
617    28     store           64     63   0        1     
618    32     store           64     64   0        0     
619    36     br              1      1    0        0     
620    40     store           64     62   0        2     
621    43     store           64     48   0        16    
622    48     store           32     31   1        0     
623    15     br              1      1    0        0     
624    22     store           64     62   0        2     
625    25     store           64     0    0        64    
626    28     store           64     49   0        15    
627    32     store           64     0    0        64    
628    36     br              1      1    0        0     
629    48     store           32     31   1        0     
630    15     br              1      1    0        0     
631    22     store           64     60   0        4     
632    25     store           64     0    0        64    
633    28     store           64     50   0        14    
634    32     store           64     0    0        64    
635    36     br              1      1    0        0     
636    48     store           32     31   1        0     
637    15     br              1      1    0        0     
638    22     store           64     58   0        6     
639    25     store           64     0    0        64    
640    28     store           64     51   0        13    
641    32     store           64     0    0        64    
642    36     br              1      1    0        0     
643    48     store           32     31   1        0     
644    15     br              1      1    0        0     
645    22     store           64     56   0        8     
646    25     store           64     0    0        64    
647    28     store           64     52   0        12    
648    32     store           64     0    0        64    
649    36     br              1      1    0        0     
650    48     store           32     31   1        0     
651    15     br              1      1    0        0     
652    22     store           64     54   0        10    
653    25     store           64     0    0        64    
654    28     store           64     53   0        11    
655    32     store           64     0    0        64    
656    36     br              1      1    0        0     
657    48     store           32     31   1        0     
658    15     br              1      1    0        0     
659    22     store           64     52   0        12    
660    25     store           64     0    0        64    
661    28     store           64     54   0        10    
662    32     store           64     0    0        64    
663    36     br              1      1    0        0     
664    48     store           32     31   1        0     
665    15     br              1      1    0        0     
666    22     store           64     50   0        14    
667    25     store           64     0    0        64    
668    28     store           64     55   0        9     
669    32     store           64     0    0        64    
670    36     br              1      1    0        0     
671    48     store           32     31   1        0     
672    15     br              1      1    0        0     
673    22     store           64     48   0        16    
674    25     store           64     0    0        64    
675    28     store           64     56   0        8     
676    32     store           64     0    0        64    
677    36     br              1      1    0        0     
678    48     store           32     31   1        0     
679    15     br              1      1    0        0     
680    22     store           64     46   0        18    
681    25     store           64     0    0        64    
682    28     store           64     57   0        7     
683    32     store           64     0    0        64    
684    36     br              1      1    0        0     
685    48     store           32     31   1        0     
686    15     br              1      1    0        0     
687    22     store           64     44   0        20    
688    25     store           64     0    0        64    
689    28     store           64     58   0        6     
690    32     store           64     0    0        64    
691    36     br              1      1    0        0     
692    48     store           32     31   1        0     
693    15     br              1      1    0        0     
694    22     store           64     42   0        22    
695    25     store           64     0    0        64    
696    28     store           64     59   0        5     
697    32     store           64     0    0        64    
698    36     br              1      1    0        0     
699    48     store           32     31   1        0     
700    15     br              1      1    0        0     
701    22     store           64     40   0        24    
702    25     store           64     0    0        64    
703    28     store           64     60   0        4     
704    32     store           64     0    0        64    
705    36     br              1      1    0        0     
706    48     store           32     31   1        0     
707    15     br              1      1    0        0     
708    22     store           64     38   0        26    
709    25     store           64     0    0        64    
710    28     store           64     61   0        3     
711    32     store           64     0    0        64    
712    36     br              1      1    0        0     
713    48     store           32     31   1        0     
714    15     br              1      1    0        0     
715    22     store           64     36   0        28    
716    25     store           64     0    0        64    
717    28     store           64     62   0        2     
718    32     store           64     0    0        64    
719    36     br              1      1    0        0     
720    48     store           32     31   1        0     
721    15     br              1      1    0        0     
722    22     store           64     34   0        30    
723    25     store           64     0    0        64    
724    28     store           64     63   0        1     
725    32     store           64     0    0        64    
726    36     br              1      1    0        0     
727    48     store           32     31   1        0     
728    15     br              1      1    0        0     
729    22     store           64     32   0        32    
730    25     store           64     0    0        64    
731    28     store           64     64   0        0     
732    32     store           64     0    0        64    
733    36     br              1      1    0        0     
734    48     store           32     1    1        30    
735    15     br              1      1    0        0     
736    53     call            64     14   50       0     
737    87     call            64     13   50       1     
738    88     ret             32     0    8        24    
