0      32     
1      32     
2      32     
3      32     
4      32     
5      32     
6      32     
7      64     
8      32     
9      64     
10     64     
11     64     
12     64     
13     64     
14     32     
15     32     
16     64     
17     32     
18     64     
19     32     
20     32     
21     64     
22     64     
23     64     
24     32     
25     32     
26     32     
27     64     
28     32     
29     64     
30     32     
31     64     
32     64     
33     32     
34     32     
35     1      
36     64     
37     64     
38     64     
39     32     
40     32     
41     32     
42     64     
43     32     
44     64     
45     32     
46     1      
47     64     
48     32     
49     32     
50     32     
51     32     
52     64     
53     32     
54     64     
55     64     
56     64     
57     64     
58     32     
59     64     
60     64     
61     64     
62     32     
63     1      
64     64     
65     32     
66     64     
67     32     
68     1      
69     64     
70     32     
71     32     
72     32     
73     32     
74     64     
75     32     
76     64     
77     64     
78     64     
79     64     
80     32     
81     64     
82     64     
83     64     
84     32     
85     1      
86     64     
87     32     
88     64     
89     32     
90     1      
91     64     
92     32     
93     32     
94     32     
95     32     
96     64     
97     32     
98     64     
99     64     
100    64     
101    64     
102    32     
103    64     
104    64     
105    64     
106    32     
107    1      
108    64     
109    32     
110    64     
111    32     
112    1      
113    32     
114    64     
115    32     
116    32     
117    64     
118    64     
119    32     
120    32     
121    1      
122    64     
123    64     
124    64     
125    32     
126    32     
127    32     
128    64     
129    32     
130    64     
131    32     
132    1      
133    64     
134    32     
135    32     
136    32     
137    32     
138    64     
139    32     
140    64     
141    64     
142    64     
143    64     
144    32     
145    64     
146    64     
147    64     
148    32     
149    1      
150    64     
151    32     
152    64     
153    32     
154    1      
155    64     
156    32     
157    32     
158    32     
159    32     
160    64     
161    32     
162    64     
163    64     
164    64     
165    64     
166    32     
167    64     
168    64     
169    64     
170    32     
171    1      
172    64     
173    32     
174    64     
175    64     
176    64     
177    32     
178    64     
179    64     
180    64     
181    32     
182    32     
183    32     
184    64     
185    64     
186    64     
187    64     
188    32     
189    64     
190    64     
191    64     
192    32     
193    64     
194    64     
195    32     
196    32     
197    64     
198    32     
199    64     
200    32     
201    1      
202    64     
203    32     
204    32     
205    32     
206    32     
207    64     
208    32     
209    64     
210    64     
211    64     
212    64     
213    32     
214    64     
215    64     
216    64     
217    32     
218    1      
219    64     
220    32     
221    64     
222    64     
223    64     
224    32     
225    64     
226    64     
227    64     
228    32     
229    32     
230    32     
231    64     
232    64     
233    64     
234    64     
235    32     
236    64     
237    64     
238    64     
239    32     
240    64     
241    64     
242    32     
243    32     
244    64     
245    32     
246    64     
247    32     
248    1      
249    32     
250    64     
251    32     
252    32     
253    64     
254    64     
255    32     
256    32     
257    1      
258    64     
259    64     
260    64     
261    32     
262    32     
263    32     
264    64     
265    32     
266    64     
267    32     
268    1      
269    64     
270    32     
271    32     
272    32     
273    32     
274    64     
275    32     
276    64     
277    64     
278    64     
279    64     
280    32     
281    64     
282    64     
283    64     
284    32     
285    1      
286    64     
287    32     
288    64     
289    32     
290    1      
291    64     
292    32     
293    32     
294    32     
295    32     
296    64     
297    32     
298    64     
299    64     
300    64     
301    64     
302    32     
303    64     
304    64     
305    64     
306    32     
307    1      
308    64     
309    32     
310    64     
311    32     
312    1      
313    64     
314    32     
315    32     
316    32     
317    32     
318    64     
319    32     
320    64     
321    64     
322    64     
323    64     
324    32     
325    64     
326    64     
327    64     
328    32     
329    1      
330    64     
331    32     
332    64     
333    32     
334    1      
335    32     
336    64     
337    32     
338    32     
339    64     
340    64     
341    32     
342    32     
343    1      
344    64     
345    64     
346    64     
347    32     
348    32     
349    32     
350    64     
351    32     
352    64     
353    32     
354    1      
355    64     
356    32     
357    32     
358    32     
359    32     
360    64     
361    32     
362    64     
363    64     
364    64     
365    64     
366    32     
367    64     
368    64     
369    64     
370    32     
371    1      
372    64     
373    32     
374    64     
375    32     
376    1      
377    64     
378    32     
379    32     
380    32     
381    32     
382    64     
383    32     
384    64     
385    64     
386    64     
387    64     
388    32     
389    64     
390    64     
391    64     
392    32     
393    1      
394    64     
395    32     
396    64     
397    32     
398    1      
399    32     
400    64     
401    32     
402    32     
403    64     
404    64     
405    32     
406    32     
407    1      
408    64     
409    64     
410    64     
411    32     
412    32     
413    32     
414    64     
415    32     
416    64     
417    32     
418    1      
419    64     
420    32     
421    32     
422    32     
423    32     
424    64     
425    32     
426    64     
427    64     
428    64     
429    64     
430    32     
431    64     
432    64     
433    64     
434    32     
435    1      
436    64     
437    32     
438    64     
439    32     
440    1      
441    64     
442    32     
443    32     
444    32     
445    32     
446    64     
447    32     
448    64     
449    64     
450    64     
451    64     
452    32     
453    64     
454    64     
455    64     
456    32     
457    1      
458    64     
459    32     
460    64     
461    32     
462    1      
463    32     
464    64     
465    32     
466    32     
467    64     
468    64     
469    32     
470    32     
471    1      
472    64     
473    64     
474    64     
475    32     
476    32     
477    32     
478    64     
479    32     
480    64     
481    32     
482    1      
483    64     
484    32     
485    32     
486    32     
487    32     
488    64     
489    32     
490    64     
491    64     
492    64     
493    64     
494    32     
495    64     
496    64     
497    64     
498    32     
499    1      
500    64     
501    32     
502    64     
503    32     
504    1      
505    64     
506    32     
507    32     
508    32     
509    32     
510    64     
511    32     
512    64     
513    64     
514    64     
515    64     
516    32     
517    64     
518    64     
519    64     
520    32     
521    1      
522    64     
523    32     
524    64     
525    32     
526    1      
527    32     
528    64     
529    32     
530    32     
531    64     
532    64     
533    32     
534    32     
535    1      
536    32     
537    64     
538    32     
539    1      
540    64     
541    64     
542    64     
543    32     
544    64     
545    64     
546    64     
547    32     
548    32     
549    32     
550    64     
551    64     
552    64     
553    64     
554    32     
555    64     
556    64     
557    64     
558    32     
559    64     
560    64     
561    32     
562    32     
563    64     
564    64     
565    32     
566    32     
567    64     
568    32     
569    32     
570    32     
571    64     
572    32     
573    64     
574    32     
575    64     
576    64     
577    32     
578    32     
579    1      
580    64     
581    64     
582    64     
583    32     
584    32     
585    32     
586    64     
587    32     
588    64     
589    32     
590    1      
591    64     
592    32     
593    32     
594    32     
595    32     
596    64     
597    32     
598    64     
599    64     
600    64     
601    64     
602    32     
603    64     
604    64     
605    64     
606    32     
607    1      
608    64     
609    32     
610    64     
611    32     
612    1      
613    64     
614    32     
615    32     
616    32     
617    32     
618    64     
619    32     
620    64     
621    64     
622    64     
623    64     
624    32     
625    64     
626    64     
627    64     
628    32     
629    1      
630    64     
631    32     
632    64     
633    32     
634    1      
635    64     
636    32     
637    32     
638    32     
639    32     
640    64     
641    32     
642    64     
643    64     
644    64     
645    64     
646    32     
647    64     
648    64     
649    64     
650    32     
651    1      
652    64     
653    32     
654    64     
655    64     
656    64     
657    32     
658    64     
659    64     
660    64     
661    32     
662    32     
663    32     
664    64     
665    64     
666    64     
667    64     
668    32     
669    64     
670    64     
671    64     
672    32     
673    64     
674    64     
675    32     
676    32     
677    64     
678    32     
679    64     
680    32     
681    1      
682    32     
683    64     
684    32     
685    32     
686    64     
687    64     
688    32     
689    32     
690    1      
691    64     
692    64     
693    64     
694    32     
695    32     
696    32     
697    64     
698    32     
699    64     
700    32     
701    1      
702    64     
703    32     
704    32     
705    32     
706    32     
707    64     
708    32     
709    64     
710    64     
711    64     
712    64     
713    32     
714    64     
715    64     
716    64     
717    32     
718    1      
719    64     
720    32     
721    64     
722    32     
723    1      
724    64     
725    32     
726    32     
727    32     
728    32     
729    64     
730    32     
731    64     
732    64     
733    64     
734    64     
735    32     
736    64     
737    64     
738    64     
739    32     
740    1      
741    64     
742    32     
743    64     
744    64     
745    64     
746    32     
747    64     
748    64     
749    64     
750    32     
751    32     
752    32     
753    64     
754    64     
755    64     
756    64     
757    32     
758    64     
759    64     
760    64     
761    32     
762    64     
763    64     
764    32     
765    32     
766    64     
767    32     
768    64     
769    32     
770    1      
771    64     
772    32     
773    32     
774    32     
775    32     
776    64     
777    32     
778    64     
779    64     
780    64     
781    64     
782    32     
783    64     
784    64     
785    64     
786    32     
787    1      
788    64     
789    32     
790    64     
791    32     
792    1      
793    32     
794    64     
795    32     
796    32     
797    64     
798    64     
799    32     
800    32     
801    1      
802    64     
803    64     
804    64     
805    32     
806    32     
807    32     
808    64     
809    32     
810    64     
811    32     
812    1      
813    64     
814    32     
815    32     
816    32     
817    32     
818    64     
819    32     
820    64     
821    64     
822    64     
823    64     
824    32     
825    64     
826    64     
827    64     
828    32     
829    1      
830    64     
831    32     
832    64     
833    32     
834    1      
835    64     
836    32     
837    32     
838    32     
839    32     
840    64     
841    32     
842    64     
843    64     
844    64     
845    64     
846    32     
847    64     
848    64     
849    64     
850    32     
851    1      
852    64     
853    32     
854    64     
855    32     
856    1      
857    32     
858    64     
859    32     
860    32     
861    64     
862    64     
863    32     
864    32     
865    1      
866    64     
867    64     
868    64     
869    32     
870    32     
871    32     
872    64     
873    32     
874    64     
875    32     
876    1      
877    64     
878    32     
879    32     
880    32     
881    32     
882    64     
883    32     
884    64     
885    64     
886    64     
887    64     
888    32     
889    64     
890    64     
891    64     
892    32     
893    1      
894    64     
895    32     
896    64     
897    32     
898    1      
899    64     
900    32     
901    32     
902    32     
903    32     
904    64     
905    32     
906    64     
907    64     
908    64     
909    64     
910    32     
911    64     
912    64     
913    64     
914    32     
915    1      
916    64     
917    32     
918    64     
919    32     
920    1      
921    32     
922    64     
923    32     
924    32     
925    64     
926    64     
927    32     
928    32     
929    1      
930    64     
931    64     
932    64     
933    32     
934    32     
935    32     
936    64     
937    32     
938    64     
939    32     
940    1      
941    64     
942    32     
943    32     
944    32     
945    32     
946    64     
947    32     
948    64     
949    64     
950    64     
951    64     
952    32     
953    64     
954    64     
955    64     
956    32     
957    1      
958    64     
959    32     
960    64     
961    32     
962    1      
963    64     
964    32     
965    32     
966    32     
967    32     
968    64     
969    32     
970    64     
971    64     
972    64     
973    64     
974    32     
975    64     
976    64     
977    64     
978    32     
979    1      
980    64     
981    32     
982    64     
983    32     
984    1      
985    32     
986    64     
987    32     
988    32     
989    64     
990    64     
991    32     
992    32     
993    1      
994    32     
995    64     
996    32     
997    1      
998    64     
999    64     
1000   64     
1001   32     
1002   64     
1003   64     
1004   64     
1005   32     
1006   32     
1007   32     
1008   64     
1009   64     
1010   64     
1011   64     
1012   32     
1013   64     
1014   64     
1015   64     
1016   32     
1017   64     
1018   64     
1019   32     
1020   32     
1021   64     
1022   64     
1023   32     
1024   32     
1025   64     
1026   32     
1027   32     
1028   32     
1029   64     
1030   32     
1031   64     
1032   32     
1033   64     
1034   64     
1035   32     
1036   32     
1037   1      
1038   64     
1039   64     
1040   64     
1041   32     
1042   32     
1043   32     
1044   64     
1045   32     
1046   64     
1047   32     
1048   1      
1049   64     
1050   32     
1051   32     
1052   32     
1053   32     
1054   64     
1055   32     
1056   64     
1057   64     
1058   64     
1059   64     
1060   32     
1061   64     
1062   64     
1063   64     
1064   32     
1065   1      
1066   64     
1067   32     
1068   64     
1069   32     
1070   1      
1071   64     
1072   32     
1073   32     
1074   32     
1075   32     
1076   64     
1077   32     
1078   64     
1079   64     
1080   64     
1081   64     
1082   32     
1083   64     
1084   64     
1085   64     
1086   32     
1087   1      
1088   64     
1089   32     
1090   64     
1091   32     
1092   1      
1093   64     
1094   32     
1095   32     
1096   32     
1097   32     
1098   64     
1099   32     
1100   64     
1101   64     
1102   64     
1103   64     
1104   32     
1105   64     
1106   64     
1107   64     
1108   32     
1109   1      
1110   64     
1111   32     
1112   64     
1113   64     
1114   64     
1115   32     
1116   64     
1117   64     
1118   64     
1119   32     
1120   32     
1121   32     
1122   64     
1123   64     
1124   64     
1125   64     
1126   32     
1127   64     
1128   64     
1129   64     
1130   32     
1131   64     
1132   64     
1133   32     
1134   32     
1135   64     
1136   32     
1137   64     
1138   32     
1139   1      
1140   32     
1141   64     
1142   32     
1143   32     
1144   64     
1145   64     
1146   32     
1147   32     
1148   1      
1149   64     
1150   64     
1151   64     
1152   32     
1153   32     
1154   32     
1155   64     
1156   32     
1157   64     
1158   32     
1159   1      
1160   64     
1161   32     
1162   32     
1163   32     
1164   32     
1165   64     
1166   32     
1167   64     
1168   64     
1169   64     
1170   64     
1171   32     
1172   64     
1173   64     
1174   64     
1175   32     
1176   1      
1177   64     
1178   32     
1179   64     
1180   32     
1181   1      
1182   64     
1183   32     
1184   32     
1185   32     
1186   32     
1187   64     
1188   32     
1189   64     
1190   64     
1191   64     
1192   64     
1193   32     
1194   64     
1195   64     
1196   64     
1197   32     
1198   1      
1199   64     
1200   32     
1201   64     
1202   64     
1203   64     
1204   32     
1205   64     
1206   64     
1207   64     
1208   32     
1209   32     
1210   32     
1211   64     
1212   64     
1213   64     
1214   64     
1215   32     
1216   64     
1217   64     
1218   64     
1219   32     
1220   64     
1221   64     
1222   32     
1223   32     
1224   64     
1225   32     
1226   64     
1227   32     
1228   1      
1229   32     
1230   64     
1231   32     
1232   32     
1233   64     
1234   64     
1235   32     
1236   32     
1237   1      
1238   64     
1239   64     
1240   64     
1241   32     
1242   32     
1243   32     
1244   64     
1245   32     
1246   64     
1247   32     
1248   1      
1249   64     
1250   32     
1251   32     
1252   32     
1253   32     
1254   64     
1255   32     
1256   64     
1257   64     
1258   64     
1259   64     
1260   32     
1261   64     
1262   64     
1263   64     
1264   32     
1265   1      
1266   64     
1267   32     
1268   64     
1269   32     
1270   1      
1271   64     
1272   32     
1273   32     
1274   32     
1275   32     
1276   64     
1277   32     
1278   64     
1279   64     
1280   64     
1281   64     
1282   32     
1283   64     
1284   64     
1285   64     
1286   32     
1287   1      
1288   64     
1289   32     
1290   64     
1291   32     
1292   1      
1293   32     
1294   64     
1295   32     
1296   32     
1297   64     
1298   64     
1299   32     
1300   32     
1301   1      
1302   64     
1303   64     
1304   64     
1305   32     
1306   32     
1307   32     
1308   64     
1309   32     
1310   64     
1311   32     
1312   1      
1313   64     
1314   32     
1315   32     
1316   32     
1317   32     
1318   64     
1319   32     
1320   64     
1321   64     
1322   64     
1323   64     
1324   32     
1325   64     
1326   64     
1327   64     
1328   32     
1329   1      
1330   64     
1331   32     
1332   64     
1333   64     
1334   64     
1335   32     
1336   64     
1337   64     
1338   64     
1339   32     
1340   32     
1341   32     
1342   64     
1343   64     
1344   64     
1345   64     
1346   32     
1347   64     
1348   64     
1349   64     
1350   32     
1351   64     
1352   64     
1353   32     
1354   32     
1355   64     
1356   32     
1357   64     
1358   32     
1359   1      
1360   64     
1361   32     
1362   32     
1363   32     
1364   32     
1365   64     
1366   32     
1367   64     
1368   64     
1369   64     
1370   64     
1371   32     
1372   64     
1373   64     
1374   64     
1375   32     
1376   1      
1377   64     
1378   32     
1379   64     
1380   32     
1381   1      
1382   32     
1383   64     
1384   32     
1385   32     
1386   64     
1387   64     
1388   32     
1389   32     
1390   1      
1391   64     
1392   64     
1393   64     
1394   32     
1395   32     
1396   32     
1397   64     
1398   32     
1399   64     
1400   32     
1401   1      
1402   64     
1403   32     
1404   32     
1405   32     
1406   32     
1407   64     
1408   32     
1409   64     
1410   64     
1411   64     
1412   64     
1413   32     
1414   64     
1415   64     
1416   64     
1417   32     
1418   1      
1419   64     
1420   32     
1421   64     
1422   32     
1423   1      
1424   64     
1425   32     
1426   32     
1427   32     
1428   32     
1429   64     
1430   32     
1431   64     
1432   64     
1433   64     
1434   64     
1435   32     
1436   64     
1437   64     
1438   64     
1439   32     
1440   1      
1441   64     
1442   32     
1443   64     
1444   32     
1445   1      
1446   32     
1447   64     
1448   32     
1449   32     
1450   64     
1451   64     
1452   32     
1453   32     
1454   1      
1455   32     
1456   64     
1457   32     
1458   1      
1459   64     
1460   64     
1461   64     
1462   32     
1463   64     
1464   64     
1465   64     
1466   32     
1467   32     
1468   32     
1469   64     
1470   64     
1471   64     
1472   64     
1473   32     
1474   64     
1475   64     
1476   64     
1477   32     
1478   64     
1479   64     
1480   32     
1481   32     
1482   64     
1483   64     
1484   32     
1485   32     
1486   64     
1487   32     
1488   32     
1489   32     
1490   64     
1491   32     
1492   64     
1493   32     
1494   64     
1495   64     
1496   32     
1497   32     
1498   1      
1499   64     
1500   64     
1501   64     
1502   32     
1503   32     
1504   32     
1505   64     
1506   32     
1507   64     
1508   32     
1509   1      
1510   64     
1511   32     
1512   32     
1513   32     
1514   32     
1515   64     
1516   32     
1517   64     
1518   64     
1519   64     
1520   64     
1521   32     
1522   64     
1523   64     
1524   64     
1525   32     
1526   1      
1527   64     
1528   32     
1529   64     
1530   32     
1531   1      
1532   64     
1533   32     
1534   32     
1535   32     
1536   32     
1537   64     
1538   32     
1539   64     
1540   64     
1541   64     
1542   64     
1543   32     
1544   64     
1545   64     
1546   64     
1547   32     
1548   1      
1549   64     
1550   32     
1551   64     
1552   64     
1553   64     
1554   32     
1555   64     
1556   64     
1557   64     
1558   32     
1559   32     
1560   32     
1561   64     
1562   64     
1563   64     
1564   64     
1565   32     
1566   64     
1567   64     
1568   64     
1569   32     
1570   64     
1571   64     
1572   32     
1573   32     
1574   64     
1575   32     
1576   64     
1577   32     
1578   1      
1579   32     
1580   64     
1581   32     
1582   32     
1583   64     
1584   64     
1585   32     
1586   32     
1587   1      
1588   64     
1589   64     
1590   64     
1591   32     
1592   32     
1593   32     
1594   64     
1595   32     
1596   64     
1597   32     
1598   1      
1599   64     
1600   32     
1601   32     
1602   32     
1603   32     
1604   64     
1605   32     
1606   64     
1607   64     
1608   64     
1609   64     
1610   32     
1611   64     
1612   64     
1613   64     
1614   32     
1615   1      
1616   64     
1617   32     
1618   64     
1619   32     
1620   1      
1621   64     
1622   32     
1623   32     
1624   32     
1625   32     
1626   64     
1627   32     
1628   64     
1629   64     
1630   64     
1631   64     
1632   32     
1633   64     
1634   64     
1635   64     
1636   32     
1637   1      
1638   64     
1639   32     
1640   64     
1641   32     
1642   1      
1643   32     
1644   64     
1645   32     
1646   32     
1647   64     
1648   64     
1649   32     
1650   32     
1651   1      
1652   64     
1653   64     
1654   64     
1655   32     
1656   32     
1657   32     
1658   64     
1659   32     
1660   64     
1661   32     
1662   1      
1663   64     
1664   32     
1665   32     
1666   32     
1667   32     
1668   64     
1669   32     
1670   64     
1671   64     
1672   64     
1673   64     
1674   32     
1675   64     
1676   64     
1677   64     
1678   32     
1679   1      
1680   64     
1681   32     
1682   64     
1683   32     
1684   1      
1685   64     
1686   32     
1687   32     
1688   32     
1689   32     
1690   64     
1691   32     
1692   64     
1693   64     
1694   64     
1695   64     
1696   32     
1697   64     
1698   64     
1699   64     
1700   32     
1701   1      
1702   64     
1703   32     
1704   64     
1705   32     
1706   1      
1707   32     
1708   64     
1709   32     
1710   32     
1711   64     
1712   64     
1713   32     
1714   32     
1715   1      
1716   64     
1717   64     
1718   64     
1719   32     
1720   32     
1721   32     
1722   64     
1723   32     
1724   64     
1725   32     
1726   1      
1727   64     
1728   32     
1729   32     
1730   32     
1731   32     
1732   64     
1733   32     
1734   64     
1735   64     
1736   64     
1737   64     
1738   32     
1739   64     
1740   64     
1741   64     
1742   32     
1743   1      
1744   64     
1745   32     
1746   64     
1747   32     
1748   1      
1749   64     
1750   32     
1751   32     
1752   32     
1753   32     
1754   64     
1755   32     
1756   64     
1757   64     
1758   64     
1759   64     
1760   32     
1761   64     
1762   64     
1763   64     
1764   32     
1765   1      
1766   64     
1767   32     
1768   64     
1769   32     
1770   1      
1771   32     
1772   64     
1773   32     
1774   32     
1775   64     
1776   64     
1777   32     
1778   32     
1779   1      
1780   32     
1781   64     
1782   32     
1783   1      
1784   64     
1785   64     
1786   64     
1787   32     
1788   64     
1789   64     
1790   64     
1791   32     
1792   32     
1793   32     
1794   64     
1795   64     
1796   64     
1797   64     
1798   32     
1799   64     
1800   64     
1801   64     
1802   32     
1803   64     
1804   64     
1805   32     
1806   32     
1807   64     
1808   64     
1809   32     
1810   32     
1811   64     
1812   32     
1813   32     
1814   32     
1815   64     
1816   32     
1817   64     
1818   32     
1819   64     
1820   64     
1821   32     
1822   32     
1823   1      
1824   64     
1825   64     
1826   64     
1827   32     
1828   32     
1829   32     
1830   64     
1831   32     
1832   64     
1833   32     
1834   1      
1835   64     
1836   32     
1837   32     
1838   32     
1839   32     
1840   64     
1841   32     
1842   64     
1843   64     
1844   64     
1845   64     
1846   32     
1847   64     
1848   64     
1849   64     
1850   32     
1851   1      
1852   64     
1853   32     
1854   64     
1855   32     
1856   1      
1857   64     
1858   32     
1859   32     
1860   32     
1861   32     
1862   64     
1863   32     
1864   64     
1865   64     
1866   64     
1867   64     
1868   32     
1869   64     
1870   64     
1871   64     
1872   32     
1873   1      
1874   64     
1875   32     
1876   64     
1877   64     
1878   64     
1879   32     
1880   64     
1881   64     
1882   64     
1883   32     
1884   32     
1885   32     
1886   64     
1887   64     
1888   64     
1889   64     
1890   32     
1891   64     
1892   64     
1893   64     
1894   32     
1895   64     
1896   64     
1897   32     
1898   32     
1899   64     
1900   32     
1901   64     
1902   32     
1903   1      
1904   32     
1905   64     
1906   32     
1907   32     
1908   64     
1909   64     
1910   32     
1911   32     
1912   1      
1913   64     
1914   64     
1915   64     
1916   32     
1917   32     
1918   32     
1919   64     
1920   32     
1921   64     
1922   32     
1923   1      
1924   64     
1925   32     
1926   32     
1927   32     
1928   32     
1929   64     
1930   32     
1931   64     
1932   64     
1933   64     
1934   64     
1935   32     
1936   64     
1937   64     
1938   64     
1939   32     
1940   1      
1941   64     
1942   32     
1943   64     
1944   32     
1945   1      
1946   64     
1947   32     
1948   32     
1949   32     
1950   32     
1951   64     
1952   32     
1953   64     
1954   64     
1955   64     
1956   64     
1957   32     
1958   64     
1959   64     
1960   64     
1961   32     
1962   1      
1963   64     
1964   32     
1965   64     
1966   64     
1967   64     
1968   32     
1969   64     
1970   64     
1971   64     
1972   32     
1973   32     
1974   32     
1975   64     
1976   64     
1977   64     
1978   64     
1979   32     
1980   64     
1981   64     
1982   64     
1983   32     
1984   64     
1985   64     
1986   32     
1987   32     
1988   64     
1989   32     
1990   64     
1991   32     
1992   1      
1993   32     
1994   64     
1995   32     
1996   32     
1997   64     
1998   64     
1999   32     
2000   32     
2001   1      
2002   64     
2003   64     
2004   64     
2005   32     
2006   32     
2007   32     
2008   64     
2009   32     
2010   64     
2011   32     
2012   1      
2013   64     
2014   32     
2015   32     
2016   32     
2017   32     
2018   64     
2019   32     
2020   64     
2021   64     
2022   64     
2023   64     
2024   32     
2025   64     
2026   64     
2027   64     
2028   32     
2029   1      
2030   64     
2031   32     
2032   64     
2033   64     
2034   64     
2035   32     
2036   64     
2037   64     
2038   64     
2039   32     
2040   32     
2041   32     
2042   64     
2043   64     
2044   64     
2045   64     
2046   32     
2047   64     
2048   64     
2049   64     
2050   32     
2051   64     
2052   64     
2053   32     
2054   32     
2055   64     
2056   32     
2057   64     
2058   32     
2059   1      
2060   64     
2061   32     
2062   32     
2063   32     
2064   32     
2065   64     
2066   32     
2067   64     
2068   64     
2069   64     
2070   64     
2071   32     
2072   64     
2073   64     
2074   64     
2075   32     
2076   1      
2077   64     
2078   32     
2079   64     
2080   32     
2081   1      
2082   32     
2083   64     
2084   32     
2085   32     
2086   64     
2087   64     
2088   32     
2089   32     
2090   1      
2091   64     
2092   64     
2093   64     
2094   32     
2095   32     
2096   32     
2097   64     
2098   32     
2099   64     
2100   32     
2101   1      
2102   64     
2103   32     
2104   32     
2105   32     
2106   32     
2107   64     
2108   32     
2109   64     
2110   64     
2111   64     
2112   64     
2113   32     
2114   64     
2115   64     
2116   64     
2117   32     
2118   1      
2119   64     
2120   32     
2121   64     
2122   32     
2123   1      
2124   32     
2125   64     
2126   32     
2127   32     
