cycle  INDEX  OPCODE          WIDTH  SDC  SYMPTOM  TRUE  
0      232    store           32     32   0        0     
1      233    call            64     0    64       0     
2      2      store           64     0    64       0     
3      3      call            64     31   33       0     
4      7      store           64     0    64       0     
5      10     store           32     3    29       0     
6      11     store           32     31   1        0     
7      18     br              1      1    0        0     
8      19     call            64     3    61       0     
9      27     store           32     32   0        0     
10     31     store           32     31   1        0     
11     18     br              1      1    0        0     
12     19     call            64     3    61       0     
13     27     store           32     32   0        0     
14     31     store           32     31   1        0     
15     18     br              1      1    0        0     
16     19     call            64     3    61       0     
17     27     store           32     32   0        0     
18     31     store           32     31   1        0     
19     18     br              1      1    0        0     
20     19     call            64     3    61       0     
21     27     store           32     32   0        0     
22     31     store           32     31   1        0     
23     18     br              1      1    0        0     
24     19     call            64     3    61       0     
25     27     store           32     32   0        0     
26     31     store           32     31   1        0     
27     18     br              1      1    0        0     
28     19     call            64     3    61       0     
29     27     store           32     32   0        0     
30     31     store           32     31   1        0     
31     18     br              1      1    0        0     
32     19     call            64     3    61       0     
33     27     store           32     32   0        0     
34     31     store           32     31   1        0     
35     18     br              1      1    0        0     
36     19     call            64     3    61       0     
37     27     store           32     32   0        0     
38     31     store           32     31   1        0     
39     18     br              1      1    0        0     
40     19     call            64     3    61       0     
41     27     store           32     32   0        0     
42     31     store           32     31   1        0     
43     18     br              1      1    0        0     
44     19     call            64     3    61       0     
45     27     store           32     32   0        0     
46     31     store           32     31   1        0     
47     18     br              1      1    0        0     
48     19     call            64     3    61       0     
49     27     store           32     32   0        0     
50     31     store           32     31   1        0     
51     18     br              1      1    0        0     
52     19     call            64     3    61       0     
53     27     store           32     32   0        0     
54     31     store           32     31   1        0     
55     18     br              1      1    0        0     
56     19     call            64     3    61       0     
57     27     store           32     32   0        0     
58     31     store           32     31   1        0     
59     18     br              1      1    0        0     
60     19     call            64     3    61       0     
61     27     store           32     32   0        0     
62     31     store           32     31   1        0     
63     18     br              1      1    0        0     
64     19     call            64     3    61       0     
65     27     store           32     32   0        0     
66     31     store           32     31   1        0     
67     18     br              1      1    0        0     
68     19     call            64     3    61       0     
69     27     store           32     32   0        0     
70     31     store           32     31   1        0     
71     18     br              1      1    0        0     
72     19     call            64     3    61       0     
73     27     store           32     32   0        0     
74     31     store           32     31   1        0     
75     18     br              1      1    0        0     
76     19     call            64     3    61       0     
77     27     store           32     32   0        0     
78     31     store           32     31   1        0     
79     18     br              1      1    0        0     
80     19     call            64     3    61       0     
81     27     store           32     32   0        0     
82     31     store           32     31   1        0     
83     18     br              1      1    0        0     
84     19     call            64     3    61       0     
85     27     store           32     32   0        0     
86     31     store           32     31   1        0     
87     18     br              1      1    0        0     
88     33     call            64     13   51       0     
89     234    call            64     10   54       0     
90     205    store           64     7    57       0     
91     206    call            64     13   51       0     
92     207    store           32     31   1        0     
93     214    br              1      1    0        0     
94     222    call            64     13   51       0     
95     226    store           32     31   1        0     
96     214    br              1      1    0        0     
97     222    call            64     13   51       0     
98     226    store           32     31   1        0     
99     214    br              1      1    0        0     
100    222    call            64     13   51       0     
101    226    store           32     31   1        0     
102    214    br              1      1    0        0     
103    222    call            64     13   51       0     
104    226    store           32     31   1        0     
105    214    br              1      1    0        0     
106    222    call            64     13   51       0     
107    226    store           32     31   1        0     
108    214    br              1      1    0        0     
109    222    call            64     13   51       0     
110    226    store           32     31   1        0     
111    214    br              1      1    0        0     
112    222    call            64     13   51       0     
113    226    store           32     31   1        0     
114    214    br              1      1    0        0     
115    222    call            64     13   51       0     
116    226    store           32     31   1        0     
117    214    br              1      1    0        0     
118    222    call            64     13   51       0     
119    226    store           32     31   1        0     
120    214    br              1      1    0        0     
121    222    call            64     13   51       0     
122    226    store           32     31   1        0     
123    214    br              1      1    0        0     
124    222    call            64     13   51       0     
125    226    store           32     31   1        0     
126    214    br              1      1    0        0     
127    222    call            64     13   51       0     
128    226    store           32     31   1        0     
129    214    br              1      1    0        0     
130    222    call            64     13   51       0     
131    226    store           32     31   1        0     
132    214    br              1      1    0        0     
133    222    call            64     13   51       0     
134    226    store           32     31   1        0     
135    214    br              1      1    0        0     
136    222    call            64     13   51       0     
137    226    store           32     31   1        0     
138    214    br              1      1    0        0     
139    222    call            64     13   51       0     
140    226    store           32     31   1        0     
141    214    br              1      1    0        0     
142    222    call            64     13   51       0     
143    226    store           32     31   1        0     
144    214    br              1      1    0        0     
145    222    call            64     13   51       0     
146    226    store           32     31   1        0     
147    214    br              1      1    0        0     
148    222    call            64     13   51       0     
149    226    store           32     31   1        0     
150    214    br              1      1    0        0     
151    222    call            64     13   51       0     
152    226    store           32     31   1        0     
153    214    br              1      1    0        0     
154    228    call            64     13   51       0     
155    235    call            64     4    60       0     
156    40     store           64     6    58       0     
157    41     store           32     15   17       0     
158    42     store           32     32   0        0     
159    53     call            64     0    64       0     
160    55     store           64     10   54       0     
161    58     br              1      1    0        0     
162    64     store           64     12   52       0     
163    69     store           32     16   16       0     
164    74     store           32     3    29       0     
165    79     br              1      1    0        0     
166    94     store           32     32   0        0     
167    98     store           32     4    28       0     
168    79     br              1      1    0        0     
169    94     store           32     32   0        0     
170    98     store           32     4    28       0     
171    79     br              1      1    0        0     
172    94     store           32     32   0        0     
173    98     store           32     4    28       0     
174    79     br              1      1    0        0     
175    94     store           32     32   0        0     
176    98     store           32     5    27       0     
177    79     br              1      1    0        0     
178    94     store           32     32   0        0     
179    98     store           32     5    27       0     
180    79     br              1      1    0        0     
181    94     store           32     32   0        0     
182    98     store           32     5    27       0     
183    79     br              1      1    0        0     
184    94     store           32     32   0        0     
185    98     store           32     5    27       0     
186    79     br              1      1    0        0     
187    94     store           32     32   0        0     
188    98     store           32     5    27       0     
189    79     br              1      1    0        0     
190    94     store           32     32   0        0     
191    98     store           32     5    27       0     
192    79     br              1      1    0        0     
193    94     store           32     32   0        0     
194    98     store           32     5    27       0     
195    79     br              1      1    0        0     
196    94     store           32     32   0        0     
197    98     store           32     5    27       0     
198    79     br              1      1    0        0     
199    94     store           32     32   0        0     
200    98     store           32     5    27       0     
201    79     br              1      1    0        0     
202    94     store           32     32   0        0     
203    98     store           32     5    27       0     
204    79     br              1      1    0        0     
205    94     store           32     32   0        0     
206    98     store           32     5    27       0     
207    79     br              1      1    0        0     
208    94     store           32     32   0        0     
209    98     store           32     5    27       0     
210    79     br              1      1    0        0     
211    94     store           32     32   0        0     
212    98     store           32     6    26       0     
213    79     br              1      1    0        0     
214    94     store           32     32   0        0     
215    98     store           32     6    26       0     
216    79     br              1      1    0        0     
217    94     store           32     32   0        0     
218    98     store           32     6    26       0     
219    79     br              1      1    0        0     
220    94     store           32     32   0        0     
221    98     store           32     6    26       0     
222    79     br              1      1    0        0     
223    107    store           32     32   0        0     
224    108    call            64     13   51       0     
225    236    call            64     11   53       0     
226    205    store           64     8    56       0     
227    206    call            64     13   51       0     
228    207    store           32     31   1        0     
229    214    br              1      1    0        0     
230    222    call            64     13   51       0     
231    226    store           32     31   1        0     
232    214    br              1      1    0        0     
233    222    call            64     13   51       0     
234    226    store           32     31   1        0     
235    214    br              1      1    0        0     
236    222    call            64     13   51       0     
237    226    store           32     31   1        0     
238    214    br              1      1    0        0     
239    222    call            64     13   51       0     
240    226    store           32     31   1        0     
241    214    br              1      1    0        0     
242    222    call            64     13   51       0     
243    226    store           32     31   1        0     
244    214    br              1      1    0        0     
245    222    call            64     13   51       0     
246    226    store           32     31   1        0     
247    214    br              1      1    0        0     
248    222    call            64     13   51       0     
249    226    store           32     31   1        0     
250    214    br              1      1    0        0     
251    222    call            64     13   51       0     
252    226    store           32     31   1        0     
253    214    br              1      1    0        0     
254    222    call            64     13   51       0     
255    226    store           32     31   1        0     
256    214    br              1      1    0        0     
257    222    call            64     13   51       0     
258    226    store           32     31   1        0     
259    214    br              1      1    0        0     
260    222    call            64     13   51       0     
261    226    store           32     31   1        0     
262    214    br              1      1    0        0     
263    222    call            64     13   51       0     
264    226    store           32     31   1        0     
265    214    br              1      1    0        0     
266    222    call            64     13   51       0     
267    226    store           32     31   1        0     
268    214    br              1      1    0        0     
269    222    call            64     13   51       0     
270    226    store           32     31   1        0     
271    214    br              1      1    0        0     
272    222    call            64     13   51       0     
273    226    store           32     31   1        0     
274    214    br              1      1    0        0     
275    222    call            64     13   51       0     
276    226    store           32     31   1        0     
277    214    br              1      1    0        0     
278    222    call            64     13   51       0     
279    226    store           32     31   1        0     
280    214    br              1      1    0        0     
281    222    call            64     13   51       0     
282    226    store           32     31   1        0     
283    214    br              1      1    0        0     
284    222    call            64     13   51       0     
285    226    store           32     31   1        0     
286    214    br              1      1    0        0     
287    222    call            64     13   51       0     
288    226    store           32     31   1        0     
289    214    br              1      1    0        0     
290    222    call            64     13   51       0     
291    226    store           32     31   1        0     
292    214    br              1      1    0        0     
293    228    call            64     13   51       0     
294    237    call            64     10   54       0     
295    113    store           64     9    55       0     
296    114    store           32     32   0        0     
297    117    br              1      1    0        0     
298    123    br              1      1    0        0     
299    127    store           32     31   1        0     
300    134    br              1      1    0        0     
301    149    store           32     32   0        0     
302    153    store           32     31   1        0     
303    134    br              1      1    0        0     
304    149    store           32     32   0        0     
305    153    store           32     31   1        0     
306    134    br              1      1    0        0     
307    149    store           32     32   0        0     
308    153    store           32     31   1        0     
309    134    br              1      1    0        0     
310    149    store           32     32   0        0     
311    153    store           32     31   1        0     
312    134    br              1      1    0        0     
313    149    store           32     32   0        0     
314    153    store           32     31   1        0     
315    134    br              1      1    0        0     
316    149    store           32     32   0        0     
317    153    store           32     31   1        0     
318    134    br              1      1    0        0     
319    149    store           32     32   0        0     
320    153    store           32     31   1        0     
321    134    br              1      1    0        0     
322    149    store           32     32   0        0     
323    153    store           32     31   1        0     
324    134    br              1      1    0        0     
325    149    store           32     32   0        0     
326    153    store           32     31   1        0     
327    134    br              1      1    0        0     
328    149    store           32     32   0        0     
329    153    store           32     31   1        0     
330    134    br              1      1    0        0     
331    149    store           32     32   0        0     
332    153    store           32     31   1        0     
333    134    br              1      1    0        0     
334    149    store           32     32   0        0     
335    153    store           32     31   1        0     
336    134    br              1      1    0        0     
337    149    store           32     32   0        0     
338    153    store           32     31   1        0     
339    134    br              1      1    0        0     
340    149    store           32     32   0        0     
341    153    store           32     31   1        0     
342    134    br              1      1    0        0     
343    149    store           32     32   0        0     
344    153    store           32     31   1        0     
345    134    br              1      1    0        0     
346    149    store           32     32   0        0     
347    153    store           32     31   1        0     
348    134    br              1      1    0        0     
349    149    store           32     32   0        0     
350    153    store           32     31   1        0     
351    134    br              1      1    0        0     
352    149    store           32     32   0        0     
353    153    store           32     31   1        0     
354    134    br              1      1    0        0     
355    149    store           32     32   0        0     
356    153    store           32     31   1        0     
357    134    br              1      1    0        0     
358    159    store           32     16   16       0     
359    160    call            64     13   51       0     
360    238    call            64     11   53       0     
361    205    store           64     10   54       0     
362    206    call            64     13   51       0     
363    207    store           32     31   1        0     
364    214    br              1      1    0        0     
365    222    call            64     13   51       0     
366    226    store           32     31   1        0     
367    214    br              1      1    0        0     
368    222    call            64     13   51       0     
369    226    store           32     31   1        0     
370    214    br              1      1    0        0     
371    222    call            64     13   51       0     
372    226    store           32     31   1        0     
373    214    br              1      1    0        0     
374    222    call            64     13   51       0     
375    226    store           32     31   1        0     
376    214    br              1      1    0        0     
377    222    call            64     13   51       0     
378    226    store           32     31   1        0     
379    214    br              1      1    0        0     
380    222    call            64     13   51       0     
381    226    store           32     31   1        0     
382    214    br              1      1    0        0     
383    222    call            64     13   51       0     
384    226    store           32     31   1        0     
385    214    br              1      1    0        0     
386    222    call            64     13   51       0     
387    226    store           32     31   1        0     
388    214    br              1      1    0        0     
389    222    call            64     13   51       0     
390    226    store           32     31   1        0     
391    214    br              1      1    0        0     
392    222    call            64     13   51       0     
393    226    store           32     31   1        0     
394    214    br              1      1    0        0     
395    222    call            64     13   51       0     
396    226    store           32     31   1        0     
397    214    br              1      1    0        0     
398    222    call            64     13   51       0     
399    226    store           32     31   1        0     
400    214    br              1      1    0        0     
401    222    call            64     13   51       0     
402    226    store           32     31   1        0     
403    214    br              1      1    0        0     
404    222    call            64     13   51       0     
405    226    store           32     31   1        0     
406    214    br              1      1    0        0     
407    222    call            64     13   51       0     
408    226    store           32     31   1        0     
409    214    br              1      1    0        0     
410    222    call            64     13   51       0     
411    226    store           32     31   1        0     
412    214    br              1      1    0        0     
413    222    call            64     13   51       0     
414    226    store           32     31   1        0     
415    214    br              1      1    0        0     
416    222    call            64     13   51       0     
417    226    store           32     31   1        0     
418    214    br              1      1    0        0     
419    222    call            64     13   51       0     
420    226    store           32     31   1        0     
421    214    br              1      1    0        0     
422    222    call            64     13   51       0     
423    226    store           32     31   1        0     
424    214    br              1      1    0        0     
425    228    call            64     13   51       0     
426    239    call            64     8    56       0     
427    178    store           64     7    57       0     
428    179    store           32     32   0        0     
429    180    store           32     32   0        0     
430    183    br              1      1    0        0     
431    189    br              1      1    0        0     
432    199    store           32     32   0        0     
433    200    call            64     13   51       0     
434    240    call            64     8    56       0     
435    205    store           64     8    56       0     
436    206    call            64     13   51       0     
437    207    store           32     31   1        0     
438    214    br              1      1    0        0     
439    222    call            64     13   51       0     
440    226    store           32     31   1        0     
441    214    br              1      1    0        0     
442    222    call            64     13   51       0     
443    226    store           32     31   1        0     
444    214    br              1      1    0        0     
445    222    call            64     13   51       0     
446    226    store           32     31   1        0     
447    214    br              1      1    0        0     
448    222    call            64     13   51       0     
449    226    store           32     31   1        0     
450    214    br              1      1    0        0     
451    222    call            64     13   51       0     
452    226    store           32     31   1        0     
453    214    br              1      1    0        0     
454    222    call            64     13   51       0     
455    226    store           32     31   1        0     
456    214    br              1      1    0        0     
457    222    call            64     14   50       0     
458    226    store           32     31   1        0     
459    214    br              1      1    0        0     
460    222    call            64     13   51       0     
461    226    store           32     31   1        0     
462    214    br              1      1    0        0     
463    222    call            64     13   51       0     
464    226    store           32     31   1        0     
465    214    br              1      1    0        0     
466    222    call            64     13   51       0     
467    226    store           32     31   1        0     
468    214    br              1      1    0        0     
469    222    call            64     13   51       0     
470    226    store           32     31   1        0     
471    214    br              1      1    0        0     
472    222    call            64     13   51       0     
473    226    store           32     31   1        0     
474    214    br              1      1    0        0     
475    222    call            64     13   51       0     
476    226    store           32     31   1        0     
477    214    br              1      1    0        0     
478    222    call            64     13   51       0     
479    226    store           32     31   1        0     
480    214    br              1      1    0        0     
481    222    call            64     13   51       0     
482    226    store           32     31   1        0     
483    214    br              1      1    0        0     
484    222    call            64     13   51       0     
485    226    store           32     31   1        0     
486    214    br              1      1    0        0     
487    222    call            64     13   51       0     
488    226    store           32     31   1        0     
489    214    br              1      1    0        0     
490    222    call            64     13   51       0     
491    226    store           32     31   1        0     
492    214    br              1      1    0        0     
493    222    call            64     13   51       0     
494    226    store           32     31   1        0     
495    214    br              1      1    0        0     
496    222    call            64     13   51       0     
497    226    store           32     31   1        0     
498    214    br              1      1    0        0     
499    228    call            64     13   51       0     
500    241    ret             32     24   8        0     
