cycle  INDEX  OPCODE          WIDTH  SDC  SYMPTOM  TRUE  
0      355    store           32     0    0        32    
1      356    store           32     0    0        32    
2      357    store           64     0    0        64    
3      359    call            64     0    64       0     
4      361    call            64     0    64       0     
5      362    store           32     1    31       0     
6      363    store           32     3    29       0     
7      364    call            64     0    49       15    
8      366    store           64     0    62       2     
9      369    call            64     0    57       7     
10     373    store           32     2    30       0     
11     377    store           32     0    0        32    
12     378    store           32     0    32       0     
13     383    br              1      0    1        0     
14     394    store           8      0    8        0     
15     401    store           64     0    64       0     
16     405    store           32     0    31       1     
17     383    br              1      0    1        0     
18     394    store           8      0    8        0     
19     401    store           64     0    64       0     
20     405    store           32     0    31       1     
21     383    br              1      0    1        0     
22     394    store           8      0    8        0     
23     401    store           64     0    64       0     
24     405    store           32     0    30       2     
25     383    br              1      0    1        0     
26     394    store           8      0    8        0     
27     401    store           64     0    64       0     
28     405    store           32     0    31       1     
29     383    br              1      0    1        0     
30     394    store           8      0    8        0     
31     401    store           64     0    64       0     
32     405    store           32     0    30       2     
33     383    br              1      0    1        0     
34     394    store           8      0    8        0     
35     401    store           64     0    64       0     
36     405    store           32     0    30       2     
37     383    br              1      0    1        0     
38     394    store           8      0    8        0     
39     401    store           64     0    64       0     
40     405    store           32     0    1        31    
41     383    br              1      0    0        1     
42     407    store           32     4    28       0     
43     412    br              1      0    1        0     
44     419    call            64     1    63       0     
45     4      store           64     0    64       0     
46     5      store           8      2    6        0     
47     6      store           32     0    32       0     
48     13     br              1      0    1        0     
49     25     br              1      0    1        0     
50     27     store           32     13   19       0     
51     37     ret             32     13   19       0     
52     420    store           32     13   19       0     
53     427    call            64     0    64       0     
54     4      store           64     0    64       0     
55     5      store           8      2    6        0     
56     6      store           32     0    31       1     
57     13     br              1      0    1        0     
58     25     br              1      1    0        0     
59     32     store           32     0    31       1     
60     13     br              1      0    1        0     
61     25     br              1      0    1        0     
62     27     store           32     13   19       0     
63     37     ret             32     13   19       0     
64     428    store           32     13   19       0     
65     429    call            64     0    54       10    
66     431    store           64     0    53       11    
67     435    store           32     13   19       0     
68     443    store           32     0    0        32    
69     452    br              1      0    1        0     
70     460    store           64     8    56       0     
71     472    call            64     0    54       10    
72     474    store           64     0    53       11    
73     478    store           32     13   19       0     
74     486    store           32     3    0        29    
75     495    br              1      0    1        0     
76     503    store           64     6    58       0     
77     518    store           32     3    29       0     
78     412    br              1      0    1        0     
79     419    call            64     1    63       0     
80     4      store           64     0    64       0     
81     5      store           8      2    6        0     
82     6      store           32     0    32       0     
83     13     br              1      0    1        0     
84     25     br              1      0    1        0     
85     27     store           32     13   19       0     
86     37     ret             32     13   19       0     
87     420    store           32     13   19       0     
88     427    call            64     1    63       0     
89     4      store           64     2    62       0     
90     5      store           8      3    5        0     
91     6      store           32     0    29       3     
92     13     br              1      0    1        0     
93     25     br              1      1    0        0     
94     32     store           32     0    29       3     
95     13     br              1      0    1        0     
96     25     br              1      1    0        0     
97     32     store           32     0    30       2     
98     13     br              1      0    1        0     
99     25     br              1      1    0        0     
100    32     store           32     0    30       2     
101    13     br              1      0    1        0     
102    25     br              1      1    0        0     
103    32     store           32     0    30       2     
104    13     br              1      0    1        0     
105    25     br              1      1    0        0     
106    32     store           32     0    30       2     
107    13     br              1      0    1        0     
108    25     br              1      0    1        0     
109    27     store           32     13   19       0     
110    37     ret             32     13   19       0     
111    428    store           32     13   19       0     
112    429    call            64     0    54       10    
113    431    store           64     1    51       12    
114    435    store           32     13   19       0     
115    443    store           32     0    0        32    
116    452    br              1      1    0        0     
117    470    call            64     10   54       0     
118    40     store           64     8    56       0     
119    41     store           64     9    55       0     
120    47     br              1      0    1        0     
121    56     store           64     9    55       0     
122    472    call            64     0    54       10    
123    474    store           64     0    50       14    
124    478    store           32     13   19       0     
125    486    store           32     32   0        0     
126    495    br              1      0    1        0     
127    503    store           64     9    55       0     
128    518    store           32     3    29       0     
129    412    br              1      0    1        0     
130    419    call            64     1    63       0     
131    4      store           64     0    64       0     
132    5      store           8      2    6        0     
133    6      store           32     0    32       0     
134    13     br              1      0    1        0     
135    25     br              1      0    1        0     
136    27     store           32     12   20       0     
137    37     ret             32     12   20       0     
138    420    store           32     12   20       0     
139    427    call            64     2    62       0     
140    4      store           64     1    63       0     
141    5      store           8      3    5        0     
142    6      store           32     0    29       3     
143    13     br              1      0    1        0     
144    25     br              1      1    0        0     
145    32     store           32     0    29       3     
146    13     br              1      0    1        0     
147    25     br              1      1    0        0     
148    32     store           32     0    29       3     
149    13     br              1      0    1        0     
150    25     br              1      1    0        0     
151    32     store           32     0    30       2     
152    13     br              1      0    1        0     
153    25     br              1      1    0        0     
154    32     store           32     0    29       3     
155    13     br              1      0    1        0     
156    25     br              1      1    0        0     
157    32     store           32     0    30       2     
158    13     br              1      0    1        0     
159    25     br              1      1    0        0     
160    32     store           32     0    30       2     
161    13     br              1      0    1        0     
162    25     br              1      0    1        0     
163    27     store           32     12   20       0     
164    37     ret             32     12   20       0     
165    428    store           32     12   20       0     
166    429    call            64     0    54       10    
167    431    store           64     1    52       11    
168    435    store           32     13   19       0     
169    443    store           32     0    0        32    
170    452    br              1      1    0        0     
171    470    call            64     9    54       1     
172    40     store           64     7    56       1     
173    41     store           64     9    55       0     
174    47     br              1      1    0        0     
175    51     store           64     6    57       1     
176    47     br              1      0    1        0     
177    56     store           64     10   54       0     
178    472    call            64     0    54       10    
179    474    store           64     2    51       11    
180    478    store           32     13   19       0     
181    486    store           32     2    0        30    
182    495    br              1      0    1        0     
183    503    store           64     8    56       0     
184    518    store           32     3    29       0     
185    412    br              1      0    1        0     
186    419    call            64     1    63       0     
187    4      store           64     2    62       0     
188    5      store           8      2    6        0     
189    6      store           32     0    31       1     
190    13     br              1      0    1        0     
191    25     br              1      1    0        0     
192    32     store           32     0    31       1     
193    13     br              1      0    1        0     
194    25     br              1      0    1        0     
195    27     store           32     13   19       0     
196    37     ret             32     13   19       0     
197    420    store           32     13   19       0     
198    427    call            64     1    63       0     
199    4      store           64     1    63       0     
200    5      store           8      3    5        0     
201    6      store           32     0    30       2     
202    13     br              1      0    1        0     
203    25     br              1      1    0        0     
204    32     store           32     0    31       1     
205    13     br              1      0    1        0     
206    25     br              1      1    0        0     
207    32     store           32     0    31       1     
208    13     br              1      0    1        0     
209    25     br              1      0    1        0     
210    27     store           32     13   19       0     
211    37     ret             32     13   19       0     
212    428    store           32     13   19       0     
213    429    call            64     0    54       10    
214    431    store           64     3    52       9     
215    435    store           32     13   19       0     
216    443    store           32     0    0        32    
217    452    br              1      1    0        0     
218    470    call            64     11   53       0     
219    40     store           64     9    55       0     
220    41     store           64     9    55       0     
221    47     br              1      0    1        0     
222    56     store           64     7    57       0     
223    472    call            64     0    54       10    
224    474    store           64     3    54       7     
225    478    store           32     13   19       0     
226    486    store           32     3    0        29    
227    495    br              1      0    1        0     
228    503    store           64     9    55       0     
229    518    store           32     3    29       0     
230    412    br              1      0    1        0     
231    419    call            64     2    62       0     
232    4      store           64     2    62       0     
233    5      store           8      2    6        0     
234    6      store           32     0    31       1     
235    13     br              1      0    1        0     
236    25     br              1      1    0        0     
237    32     store           32     0    31       1     
238    13     br              1      0    1        0     
239    25     br              1      0    1        0     
240    27     store           32     13   19       0     
241    37     ret             32     13   19       0     
242    420    store           32     13   19       0     
243    427    call            64     2    62       0     
244    4      store           64     1    63       0     
245    5      store           8      3    5        0     
246    6      store           32     0    29       3     
247    13     br              1      0    1        0     
248    25     br              1      1    0        0     
249    32     store           32     0    29       3     
250    13     br              1      0    1        0     
251    25     br              1      1    0        0     
252    32     store           32     0    30       2     
253    13     br              1      0    1        0     
254    25     br              1      1    0        0     
255    32     store           32     0    30       2     
256    13     br              1      0    1        0     
257    25     br              1      1    0        0     
258    32     store           32     0    30       2     
259    13     br              1      0    1        0     
260    25     br              1      1    0        0     
261    32     store           32     0    30       2     
262    13     br              1      0    1        0     
263    25     br              1      0    1        0     
264    27     store           32     13   19       0     
265    37     ret             32     13   19       0     
266    428    store           32     13   19       0     
267    429    call            64     0    54       10    
268    431    store           64     3    53       8     
269    435    store           32     13   19       0     
270    443    store           32     0    0        32    
271    452    br              1      1    0        0     
272    470    call            64     10   54       0     
273    40     store           64     10   54       0     
274    41     store           64     9    55       0     
275    47     br              1      1    0        0     
276    51     store           64     10   54       0     
277    47     br              1      0    1        0     
278    56     store           64     11   53       0     
279    472    call            64     0    54       10    
280    474    store           64     3    54       7     
281    478    store           32     13   19       0     
282    486    store           32     4    0        28    
283    495    br              1      1    0        0     
284    513    call            64     10   54       0     
285    40     store           64     9    55       0     
286    41     store           64     9    55       0     
287    47     br              1      0    1        0     
288    56     store           64     9    55       0     
289    518    store           32     3    29       0     
290    412    br              1      0    1        0     
291    419    call            64     2    62       0     
292    4      store           64     2    62       0     
293    5      store           8      3    5        0     
294    6      store           32     0    30       2     
295    13     br              1      0    1        0     
296    25     br              1      1    0        0     
297    32     store           32     0    31       1     
298    13     br              1      0    1        0     
299    25     br              1      1    0        0     
300    32     store           32     0    31       1     
301    13     br              1      0    1        0     
302    25     br              1      0    1        0     
303    27     store           32     12   20       0     
304    37     ret             32     12   20       0     
305    420    store           32     12   20       0     
306    427    call            64     2    62       0     
307    4      store           64     2    62       0     
308    5      store           8      2    6        0     
309    6      store           32     0    30       2     
310    13     br              1      0    1        0     
311    25     br              1      1    0        0     
312    32     store           32     0    30       2     
313    13     br              1      0    1        0     
314    25     br              1      1    0        0     
315    32     store           32     0    30       2     
316    13     br              1      0    1        0     
317    25     br              1      1    0        0     
318    32     store           32     0    30       2     
319    13     br              1      0    1        0     
320    25     br              1      0    1        0     
321    27     store           32     13   19       0     
322    37     ret             32     13   19       0     
323    428    store           32     13   19       0     
324    429    call            64     0    54       10    
325    431    store           64     3    55       6     
326    435    store           32     13   19       0     
327    443    store           32     0    0        32    
328    452    br              1      1    0        0     
329    470    call            64     10   54       0     
330    40     store           64     12   52       0     
331    41     store           64     4    59       1     
332    47     br              1      0    1        0     
333    56     store           64     7    56       1     
334    472    call            64     0    54       10    
335    474    store           64     3    51       10    
336    478    store           32     13   19       0     
337    486    store           32     32   0        0     
338    495    br              1      0    1        0     
339    503    store           64     10   54       0     
340    518    store           32     31   1        0     
341    412    br              1      1    0        0     
342    419    call            64     1    63       0     
343    4      store           64     1    63       0     
344    5      store           8      3    5        0     
345    6      store           32     0    30       2     
346    13     br              1      0    1        0     
347    25     br              1      1    0        0     
348    32     store           32     0    31       1     
349    13     br              1      0    1        0     
350    25     br              1      1    0        0     
351    32     store           32     0    31       1     
352    13     br              1      0    1        0     
353    25     br              1      0    1        0     
354    27     store           32     12   20       0     
355    37     ret             32     12   20       0     
356    420    store           32     12   20       0     
357    427    call            64     1    63       0     
358    4      store           64     2    62       0     
359    5      store           8      3    5        0     
360    6      store           32     0    29       3     
361    13     br              1      0    1        0     
362    25     br              1      1    0        0     
363    32     store           32     0    30       2     
364    13     br              1      0    1        0     
365    25     br              1      1    0        0     
366    32     store           32     0    30       2     
367    13     br              1      0    1        0     
368    25     br              1      1    0        0     
369    32     store           32     0    30       2     
370    13     br              1      0    1        0     
371    25     br              1      1    0        0     
372    32     store           32     0    31       1     
373    13     br              1      0    1        0     
374    25     br              1      0    1        0     
375    27     store           32     11   21       0     
376    37     ret             32     11   21       0     
377    428    store           32     11   21       0     
378    429    call            64     0    54       10    
379    431    store           64     3    52       9     
380    435    store           32     13   19       0     
381    443    store           32     1    0        31    
382    452    br              1      1    0        0     
383    470    call            64     9    55       0     
384    40     store           64     9    55       0     
385    41     store           64     13   51       0     
386    47     br              1      1    0        0     
387    51     store           64     11   53       0     
388    47     br              1      0    1        0     
389    56     store           64     9    55       0     
390    472    call            64     0    54       10    
391    474    store           64     2    54       8     
392    478    store           32     13   19       0     
393    486    store           32     0    0        32    
394    495    br              1      0    1        0     
395    503    store           64     8    56       0     
396    518    store           32     31   1        0     
397    412    br              1      1    0        0     
398    419    call            64     1    63       0     
399    4      store           64     2    62       0     
400    5      store           8      3    5        0     
401    6      store           32     0    30       2     
402    13     br              1      0    1        0     
403    25     br              1      1    0        0     
404    32     store           32     0    31       1     
405    13     br              1      0    1        0     
406    25     br              1      1    0        0     
407    32     store           32     0    31       1     
408    13     br              1      0    1        0     
409    25     br              1      0    1        0     
410    27     store           32     12   20       0     
411    37     ret             32     12   20       0     
412    420    store           32     12   20       0     
413    427    call            64     1    63       0     
414    4      store           64     2    62       0     
415    5      store           8      3    5        0     
416    6      store           32     0    29       3     
417    13     br              1      0    1        0     
418    25     br              1      1    0        0     
419    32     store           32     0    29       3     
420    13     br              1      0    1        0     
421    25     br              1      1    0        0     
422    32     store           32     0    30       2     
423    13     br              1      0    1        0     
424    25     br              1      1    0        0     
425    32     store           32     0    30       2     
426    13     br              1      0    1        0     
427    25     br              1      1    0        0     
428    32     store           32     0    30       2     
429    13     br              1      0    1        0     
430    25     br              1      1    0        0     
431    32     store           32     0    30       2     
432    13     br              1      0    1        0     
433    25     br              1      0    1        0     
434    27     store           32     13   19       0     
435    37     ret             32     13   19       0     
436    428    store           32     13   19       0     
437    429    call            64     0    54       10    
438    431    store           64     2    55       7     
439    435    store           32     13   19       0     
440    443    store           32     2    0        30    
441    452    br              1      1    0        0     
442    470    call            64     10   54       0     
443    40     store           64     11   53       0     
444    41     store           64     7    57       0     
445    47     br              1      1    0        0     
446    51     store           64     8    56       0     
447    47     br              1      1    0        0     
448    51     store           64     10   54       0     
449    47     br              1      0    1        0     
450    56     store           64     9    55       0     
451    472    call            64     0    54       10    
452    474    store           64     1    51       12    
453    478    store           32     13   19       0     
454    486    store           32     0    0        32    
455    495    br              1      1    0        0     
456    513    call            64     11   53       0     
457    40     store           64     9    55       0     
458    41     store           64     10   54       0     
459    47     br              1      1    0        0     
460    51     store           64     11   53       0     
461    47     br              1      0    1        0     
462    56     store           64     9    55       0     
463    518    store           32     31   1        0     
464    412    br              1      1    0        0     
465    419    call            64     1    63       0     
466    4      store           64     1    63       0     
467    5      store           8      2    6        0     
468    6      store           32     0    30       2     
469    13     br              1      0    1        0     
470    25     br              1      1    0        0     
471    32     store           32     0    30       2     
472    13     br              1      0    1        0     
473    25     br              1      1    0        0     
474    32     store           32     0    30       2     
475    13     br              1      0    1        0     
476    25     br              1      1    0        0     
477    32     store           32     0    30       2     
478    13     br              1      0    1        0     
479    25     br              1      0    1        0     
480    27     store           32     13   19       0     
481    37     ret             32     13   19       0     
482    420    store           32     13   19       0     
483    427    call            64     2    62       0     
484    4      store           64     1    63       0     
485    5      store           8      3    5        0     
486    6      store           32     0    29       3     
487    13     br              1      0    1        0     
488    25     br              1      1    0        0     
489    32     store           32     0    30       2     
490    13     br              1      0    1        0     
491    25     br              1      1    0        0     
492    32     store           32     0    30       2     
493    13     br              1      0    1        0     
494    25     br              1      1    0        0     
495    32     store           32     0    30       2     
496    13     br              1      0    1        0     
497    25     br              1      1    0        0     
498    32     store           32     0    31       1     
499    13     br              1      0    1        0     
500    25     br              1      0    1        0     
501    27     store           32     11   21       0     
502    37     ret             32     11   21       0     
503    428    store           32     11   21       0     
504    429    call            64     0    54       10    
505    431    store           64     2    52       10    
506    435    store           32     13   19       0     
507    443    store           32     32   0        0     
508    452    br              1      1    0        0     
509    470    call            64     10   54       0     
510    40     store           64     8    56       0     
511    41     store           64     10   54       0     
512    47     br              1      0    1        0     
513    56     store           64     10   54       0     
514    472    call            64     0    54       10    
515    474    store           64     2    52       10    
516    478    store           32     13   19       0     
517    486    store           32     0    0        32    
518    495    br              1      1    0        0     
519    513    call            64     8    56       0     
520    40     store           64     9    55       0     
521    41     store           64     11   53       0     
522    47     br              1      0    1        0     
523    56     store           64     8    56       0     
524    518    store           32     31   1        0     
525    412    br              1      1    0        0     
526    419    call            64     2    62       0     
527    4      store           64     1    63       0     
528    5      store           8      3    5        0     
529    6      store           32     0    29       3     
530    13     br              1      0    1        0     
531    25     br              1      1    0        0     
532    32     store           32     0    30       2     
533    13     br              1      0    1        0     
534    25     br              1      1    0        0     
535    32     store           32     0    30       2     
536    13     br              1      0    1        0     
537    25     br              1      1    0        0     
538    32     store           32     0    30       2     
539    13     br              1      0    1        0     
540    25     br              1      1    0        0     
541    32     store           32     0    31       1     
542    13     br              1      0    1        0     
543    25     br              1      0    1        0     
544    27     store           32     11   21       0     
545    37     ret             32     11   21       0     
546    420    store           32     11   21       0     
547    427    call            64     1    63       0     
548    4      store           64     1    63       0     
549    5      store           8      3    5        0     
550    6      store           32     0    29       3     
551    13     br              1      0    1        0     
552    25     br              1      1    0        0     
553    32     store           32     0    29       3     
554    13     br              1      0    1        0     
555    25     br              1      1    0        0     
556    32     store           32     0    30       2     
557    13     br              1      0    1        0     
558    25     br              1      1    0        0     
559    32     store           32     0    30       2     
560    13     br              1      0    1        0     
561    25     br              1      1    0        0     
562    32     store           32     0    30       2     
563    13     br              1      0    1        0     
564    25     br              1      1    0        0     
565    32     store           32     0    30       2     
566    13     br              1      0    1        0     
567    25     br              1      0    1        0     
568    27     store           32     13   19       0     
569    37     ret             32     13   19       0     
570    428    store           32     13   19       0     
571    429    call            64     0    54       10    
572    431    store           64     2    53       9     
573    435    store           32     13   19       0     
574    443    store           32     32   0        0     
575    452    br              1      1    0        0     
576    470    call            64     9    55       0     
577    40     store           64     7    57       0     
578    41     store           64     8    56       0     
579    47     br              1      1    0        0     
580    51     store           64     8    56       0     
581    47     br              1      0    1        0     
582    56     store           64     9    55       0     
583    472    call            64     0    54       10    
584    474    store           64     1    52       11    
585    478    store           32     13   19       0     
586    486    store           32     0    0        32    
587    495    br              1      1    0        0     
588    513    call            64     10   54       0     
589    40     store           64     10   54       0     
590    41     store           64     11   53       0     
591    47     br              1      1    0        0     
592    51     store           64     9    55       0     
593    47     br              1      1    0        0     
594    51     store           64     11   53       0     
595    47     br              1      0    1        0     
596    56     store           64     10   54       0     
597    518    store           32     31   1        0     
598    412    br              1      1    0        0     
599    419    call            64     2    62       0     
600    4      store           64     2    62       0     
601    5      store           8      3    5        0     
602    6      store           32     0    29       3     
603    13     br              1      0    1        0     
604    25     br              1      1    0        0     
605    32     store           32     0    30       2     
606    13     br              1      0    1        0     
607    25     br              1      1    0        0     
608    32     store           32     0    30       2     
609    13     br              1      0    1        0     
610    25     br              1      1    0        0     
611    32     store           32     0    30       2     
612    13     br              1      0    1        0     
613    25     br              1      1    0        0     
614    32     store           32     0    31       1     
615    13     br              1      0    1        0     
616    25     br              1      0    1        0     
617    27     store           32     11   21       0     
618    37     ret             32     11   21       0     
619    420    store           32     11   21       0     
620    427    call            64     2    62       0     
621    4      store           64     2    62       0     
622    5      store           8      3    5        0     
623    6      store           32     0    29       3     
624    13     br              1      0    1        0     
625    25     br              1      1    0        0     
626    32     store           32     0    29       3     
627    13     br              1      0    1        0     
628    25     br              1      1    0        0     
629    32     store           32     0    29       3     
630    13     br              1      0    1        0     
631    25     br              1      1    0        0     
632    32     store           32     0    30       2     
633    13     br              1      0    1        0     
634    25     br              1      1    0        0     
635    32     store           32     0    29       3     
636    13     br              1      0    1        0     
637    25     br              1      1    0        0     
638    32     store           32     0    30       2     
639    13     br              1      0    1        0     
640    25     br              1      1    0        0     
641    32     store           32     0    30       2     
642    13     br              1      0    1        0     
643    25     br              1      0    1        0     
644    27     store           32     11   21       0     
645    37     ret             32     11   21       0     
646    428    store           32     11   21       0     
647    429    call            64     0    54       10    
648    431    store           64     3    50       11    
649    435    store           32     13   19       0     
650    443    store           32     32   0        0     
651    452    br              1      1    0        0     
652    470    call            64     8    56       0     
653    40     store           64     10   54       0     
654    41     store           64     10   54       0     
655    47     br              1      1    0        0     
656    51     store           64     7    56       1     
657    47     br              1      1    0        0     
658    51     store           64     10   53       1     
659    47     br              1      0    1        0     
660    56     store           64     9    55       0     
661    472    call            64     0    54       10    
662    474    store           64     3    53       8     
663    478    store           32     13   19       0     
664    486    store           32     0    0        32    
665    495    br              1      1    0        0     
666    513    call            64     9    55       0     
667    40     store           64     12   52       0     
668    41     store           64     7    57       0     
669    47     br              1      0    1        0     
670    56     store           64     9    55       0     
671    518    store           32     31   1        0     
672    412    br              1      1    0        0     
673    419    call            64     2    62       0     
674    4      store           64     2    62       0     
675    5      store           8      3    5        0     
676    6      store           32     0    29       3     
677    13     br              1      0    1        0     
678    25     br              1      1    0        0     
679    32     store           32     0    29       3     
680    13     br              1      0    1        0     
681    25     br              1      1    0        0     
682    32     store           32     0    30       2     
683    13     br              1      0    1        0     
684    25     br              1      1    0        0     
685    32     store           32     0    30       2     
686    13     br              1      0    1        0     
687    25     br              1      1    0        0     
688    32     store           32     0    30       2     
689    13     br              1      0    1        0     
690    25     br              1      1    0        0     
691    32     store           32     0    30       2     
692    13     br              1      0    1        0     
693    25     br              1      0    1        0     
694    27     store           32     13   19       0     
695    37     ret             32     13   19       0     
696    420    store           32     13   19       0     
697    427    call            64     1    63       0     
698    4      store           64     1    63       0     
699    5      store           8      3    5        0     
700    6      store           32     0    29       3     
701    13     br              1      0    1        0     
702    25     br              1      1    0        0     
703    32     store           32     0    29       3     
704    13     br              1      0    1        0     
705    25     br              1      1    0        0     
706    32     store           32     0    29       3     
707    13     br              1      0    1        0     
708    25     br              1      1    0        0     
709    32     store           32     0    30       2     
710    13     br              1      0    1        0     
711    25     br              1      1    0        0     
712    32     store           32     0    29       3     
713    13     br              1      0    1        0     
714    25     br              1      1    0        0     
715    32     store           32     0    30       2     
716    13     br              1      0    1        0     
717    25     br              1      1    0        0     
718    32     store           32     0    30       2     
719    13     br              1      0    1        0     
720    25     br              1      0    1        0     
721    27     store           32     10   22       0     
722    37     ret             32     10   22       0     
723    428    store           32     10   22       0     
724    429    call            64     0    54       10    
725    431    store           64     4    51       9     
726    435    store           32     13   19       0     
727    443    store           32     2    0        30    
728    452    br              1      1    0        0     
729    470    call            64     8    56       0     
730    40     store           64     12   52       0     
731    41     store           64     9    54       1     
732    47     br              1      1    0        0     
733    51     store           64     7    57       0     
734    47     br              1      1    0        0     
735    51     store           64     9    54       1     
736    47     br              1      1    0        0     
737    51     store           64     10   53       1     
738    47     br              1      0    1        0     
739    56     store           64     10   53       1     
740    472    call            64     0    38       26    
741    474    store           64     1    54       9     
742    478    store           32     13   19       0     
743    486    store           32     0    0        32    
744    495    br              1      1    0        0     
745    513    call            64     10   54       0     
746    40     store           64     8    56       0     
747    41     store           64     9    55       0     
748    47     br              1      1    0        0     
749    51     store           64     8    56       0     
750    47     br              1      0    1        0     
751    56     store           64     8    56       0     
752    518    store           32     2    1        29    
753    412    br              1      0    1        0     
754    521    call            64     10   54       0     
755    170    store           64     7    57       0     
756    171    store           32     12   20       0     
757    175    store           32     8    24       0     
758    176    store           32     31   1        0     
759    181    br              1      1    0        0     
760    185    call            64     1    55       8     
761    119    store           64     1    55       8     
762    120    store           32     1    19       12    
763    121    store           32     2    0        30    
764    125    br              1      1    0        0     
765    135    store           64     6    52       6     
766    139    br              1      0    0        1     
767    145    br              1      1    0        0     
768    154    store           64     7    50       7     
769    139    br              1      0    0        1     
770    145    br              1      1    0        0     
771    154    store           64     0    63       1     
772    139    br              1      0    1        0     
773    156    store           32     1    0        31    
774    159    ret             32     1    0        31    
775    189    store           32     1    0        31    
776    193    store           32     32   0        0     
777    197    store           32     30   1        1     
778    181    br              1      1    0        0     
779    185    call            64     0    55       9     
780    119    store           64     0    54       10    
781    120    store           32     2    19       11    
782    121    store           32     1    0        31    
783    125    br              1      1    0        0     
784    135    store           64     1    55       8     
785    139    br              1      0    0        1     
786    145    br              1      1    0        0     
787    154    store           64     0    52       12    
788    139    br              1      0    0        1     
789    145    br              1      1    0        0     
790    154    store           64     0    63       1     
791    139    br              1      0    1        0     
792    156    store           32     1    0        31    
793    159    ret             32     1    0        31    
794    189    store           32     1    0        31    
795    193    store           32     32   0        0     
796    197    store           32     30   1        1     
797    181    br              1      1    0        0     
798    185    call            64     9    55       0     
799    119    store           64     9    55       0     
800    120    store           32     13   19       0     
801    121    store           32     32   0        0     
802    125    br              1      1    0        0     
803    135    store           64     10   54       0     
804    139    br              1      1    0        0     
805    145    br              1      1    0        0     
806    149    store           32     32   0        0     
807    159    ret             32     32   0        0     
808    189    store           32     32   0        0     
809    193    store           32     0    0        32    
810    197    store           32     29   1        2     
811    181    br              1      1    0        0     
812    185    call            64     0    0        64    
813    119    store           64     0    0        64    
814    120    store           32     0    19       13    
815    121    store           32     0    0        32    
816    125    br              1      0    0        1     
817    126    store           32     0    0        32    
818    159    ret             32     0    0        32    
819    189    store           32     0    0        32    
820    193    store           32     0    0        32    
821    197    store           32     30   1        1     
822    181    br              1      1    0        0     
823    185    call            64     9    55       0     
824    119    store           64     7    57       0     
825    120    store           32     13   19       0     
826    121    store           32     32   0        0     
827    125    br              1      1    0        0     
828    135    store           64     10   54       0     
829    139    br              1      1    0        0     
830    145    br              1      1    0        0     
831    154    store           64     11   53       0     
832    139    br              1      1    0        0     
833    145    br              1      1    0        0     
834    149    store           32     32   0        0     
835    159    ret             32     32   0        0     
836    189    store           32     32   0        0     
837    193    store           32     32   0        0     
838    197    store           32     29   1        2     
839    181    br              1      1    0        0     
840    185    call            64     1    55       8     
841    119    store           64     1    58       5     
842    120    store           32     0    19       13    
843    121    store           32     1    0        31    
844    125    br              1      1    0        0     
845    135    store           64     1    56       7     
846    139    br              1      0    0        1     
847    145    br              1      1    0        0     
848    154    store           64     1    51       12    
849    139    br              1      0    0        1     
850    145    br              1      1    0        0     
851    154    store           64     0    63       1     
852    139    br              1      0    1        0     
853    156    store           32     1    0        31    
854    159    ret             32     1    0        31    
855    189    store           32     1    0        31    
856    193    store           32     32   0        0     
857    197    store           32     29   1        2     
858    181    br              1      1    0        0     
859    185    call            64     1    55       8     
860    119    store           64     1    56       7     
861    120    store           32     0    19       13    
862    121    store           32     2    0        30    
863    125    br              1      1    0        0     
864    135    store           64     2    54       8     
865    139    br              1      0    0        1     
866    145    br              1      1    0        0     
867    154    store           64     3    53       8     
868    139    br              1      0    0        1     
869    145    br              1      1    0        0     
870    154    store           64     0    63       1     
871    139    br              1      0    1        0     
872    156    store           32     1    0        31    
873    159    ret             32     1    0        31    
874    189    store           32     1    0        31    
875    193    store           32     32   0        0     
876    197    store           32     0    1        31    
877    181    br              1      0    0        1     
878    202    store           32     0    0        32    
879    206    store           32     32   0        0     
880    207    store           32     29   1        2     
881    212    br              1      1    0        0     
882    213    store           32     1    0        31    
883    214    store           32     28   1        3     
884    219    br              1      1    0        0     
885    225    br              1      0    0        1     
886    232    br              1      0    0        1     
887    244    store           32     29   1        2     
888    219    br              1      1    0        0     
889    225    br              1      0    0        1     
890    232    br              1      0    0        1     
891    244    store           32     29   1        2     
892    219    br              1      1    0        0     
893    225    br              1      0    0        1     
894    232    br              1      0    0        1     
895    237    store           32     3    0        29    
896    239    store           32     2    23       7     
897    244    store           32     0    1        31    
898    219    br              1      0    0        1     
899    225    br              1      0    0        1     
900    244    store           32     0    1        31    
901    219    br              1      0    0        1     
902    225    br              1      0    0        1     
903    232    br              1      0    0        1     
904    244    store           32     0    1        31    
905    219    br              1      0    0        1     
906    225    br              1      0    0        1     
907    232    br              1      1    0        0     
908    244    store           32     0    1        31    
909    219    br              1      0    0        1     
910    225    br              1      0    0        1     
911    232    br              1      1    0        0     
912    244    store           32     0    1        31    
913    219    br              1      0    0        1     
914    249    store           32     0    0        32    
915    250    store           32     0    1        31    
916    255    br              1      0    0        1     
917    259    call            64     1    55       8     
918    119    store           64     1    55       8     
919    120    store           32     2    21       9     
920    121    store           32     3    0        29    
921    125    br              1      1    0        0     
922    135    store           64     4    52       8     
923    139    br              1      0    0        1     
924    145    br              1      1    0        0     
925    154    store           64     6    51       7     
926    139    br              1      0    0        1     
927    145    br              1      1    0        0     
928    154    store           64     5    52       7     
929    139    br              1      0    0        1     
930    145    br              1      1    0        0     
931    154    store           64     6    50       8     
932    139    br              1      0    0        1     
933    145    br              1      1    0        0     
934    154    store           64     0    63       1     
935    139    br              1      0    1        0     
936    156    store           32     3    0        29    
937    159    ret             32     3    0        29    
938    260    store           32     3    0        29    
939    263    br              1      1    0        0     
940    270    store           32     1    0        31    
941    276    br              1      0    0        1     
942    283    br              1      0    0        1     
943    293    store           32     0    1        31    
944    255    br              1      0    0        1     
945    259    call            64     0    55       9     
946    119    store           64     0    56       8     
947    120    store           32     0    21       11    
948    121    store           32     2    0        30    
949    125    br              1      1    0        0     
950    135    store           64     2    52       10    
951    139    br              1      0    0        1     
952    145    br              1      0    0        1     
953    149    store           32     3    0        29    
954    159    ret             32     3    0        29    
955    260    store           32     3    0        29    
956    263    br              1      0    0        1     
957    270    store           32     4    0        28    
958    276    br              1      0    0        1     
959    283    br              1      0    0        1     
960    288    store           32     4    0        28    
961    293    store           32     0    1        31    
962    255    br              1      0    0        1     
963    259    call            64     0    0        64    
964    119    store           64     0    0        64    
965    120    store           32     0    21       11    
966    121    store           32     0    0        32    
967    125    br              1      0    0        1     
968    126    store           32     0    0        32    
969    159    ret             32     0    0        32    
970    260    store           32     0    0        32    
971    263    br              1      0    0        1     
972    270    store           32     0    0        32    
973    276    br              1      0    0        1     
974    293    store           32     0    1        31    
975    255    br              1      0    0        1     
976    259    call            64     0    55       9     
977    119    store           64     0    57       7     
978    120    store           32     0    21       11    
979    121    store           32     0    0        32    
980    125    br              1      0    0        1     
981    135    store           64     0    53       11    
982    139    br              1      0    0        1     
983    145    br              1      0    0        1     
984    154    store           64     0    53       11    
985    139    br              1      0    0        1     
986    145    br              1      0    0        1     
987    149    store           32     0    0        32    
988    159    ret             32     0    0        32    
989    260    store           32     0    0        32    
990    263    br              1      0    0        1     
991    270    store           32     0    0        32    
992    276    br              1      0    0        1     
993    293    store           32     0    1        31    
994    255    br              1      0    0        1     
995    259    call            64     0    57       7     
996    119    store           64     0    55       9     
997    120    store           32     0    21       11    
998    121    store           32     0    0        32    
999    125    br              1      1    0        0     
1000   135    store           64     0    55       9     
