cycle  INDEX  OPCODE          WIDTH  SDC  SYMPTOM  TRUE  
0      1382   store           32     0    0        32    
1      1383   store           32     1    2        29    
2      1384   store           64     3    61       0     
3      1387   br              1      0    1        0     
4      1396   call            64     4    60       0     
5      729    store           64     5    59       0     
6      730    store           64     1    63       0     
7      733    call            64     5    59       0     
8      528    store           64     4    60       0     
9      529    store           32     9    23       0     
10     531    store           8      0    8        0     
11     532    store           64     2    62       0     
12     533    store           32     0    32       0     
13     535    store           32     9    23       0     
14     536    store           32     0    0        32    
15     537    store           8      0    8        0     
16     541    br              1      0    1        0     
17     551    br              1      0    1        0     
18     561    br              1      0    1        0     
19     563    store           32     0    0        32    
20     571    br              1      1    0        0     
21     584    br              1      1    0        0     
22     601    br              1      0    0        1     
23     625    br              1      0    1        0     
24     644    br              1      0    0        1     
25     668    call            32     0    8        24    
26     21     store           8      0    8        0     
27     22     store           64     1    63       0     
28     23     store           64     0    64       0     
29     24     store           32     0    1        31    
30     29     br              1      0    1        0     
31     38     store           8      0    8        0     
32     43     store           32     6    26       0     
33     44     store           8      0    0        8     
34     48     ret             32     0    0        32    
35     670    store           8      0    0        8     
36     672    call            64     14   50       0     
37     52     store           64     16   48       0     
38     53     store           64     1    58       5     
39     62     br              1      1    0        0     
40     69     store           8      8    0        0     
41     122    ret             8      8    0        0     
42     673    store           8      8    0        0     
43     677    call            32     8    0        24    
44     21     store           8      8    0        0     
45     22     store           64     16   48       0     
46     23     store           64     6    58       0     
47     24     store           32     1    0        31    
48     29     br              1      1    0        0     
49     38     store           8      8    0        0     
50     43     store           32     1    31       0     
51     44     store           8      0    0        8     
52     48     ret             32     0    0        32    
53     679    store           8      0    0        8     
54     686    store           32     0    0        32    
55     689    br              1      1    0        0     
56     692    store           32     8    23       1     
57     541    br              1      0    1        0     
58     551    br              1      0    1        0     
59     561    br              1      0    1        0     
60     563    store           32     0    0        32    
61     571    br              1      1    0        0     
62     573    call            32     0    8        24    
63     21     store           8      0    8        0     
64     22     store           64     0    64       0     
65     23     store           64     0    58       6     
66     24     store           32     0    0        32    
67     29     br              1      0    0        1     
68     38     store           8      0    8        0     
69     43     store           32     1    30       1     
70     44     store           8      0    0        8     
71     48     ret             32     0    0        32    
72     575    store           8      0    0        8     
73     686    store           32     0    0        32    
74     689    br              1      0    0        1     
75     692    store           32     8    23       1     
76     541    br              1      0    0        1     
77     551    br              1      0    0        1     
78     561    br              1      1    0        0     
79     696    call            32     0    8        24    
80     21     store           8      0    8        0     
81     22     store           64     0    64       0     
82     23     store           64     4    59       1     
83     24     store           32     0    1        31    
84     29     br              1      0    1        0     
85     38     store           8      0    8        0     
86     43     store           32     0    0        32    
87     44     store           8      0    1        7     
88     48     ret             32     0    1        31    
89     698    store           8      0    1        7     
90     702    br              1      0    1        0     
91     712    br              1      0    1        0     
92     717    br              1      0    1        0     
93     721    store           32     0    2        30    
94     725    ret             32     0    2        30    
95     734    store           32     0    2        30    
96     738    ret             32     0    1        31    
97     1398   store           8      0    1        7     
98     1401   br              1      0    1        0     
99     1408   br              1      1    0        0     
100    1413   call            64     7    57       0     
101    834    store           64     7    57       0     
102    835    store           64     17   47       0     
103    838    call            64     7    57       0     
104    748    store           64     7    57       0     
105    749    store           32     10   22       0     
106    751    store           8      0    8        0     
107    752    store           64     16   48       0     
108    753    store           32     7    25       0     
109    755    store           32     10   22       0     
110    766    br              1      0    1        0     
111    776    br              1      0    1        0     
112    784    br              1      1    0        0     
113    791    call            64     13   51       0     
114    52     store           64     18   46       0     
115    53     store           64     3    56       5     
116    62     br              1      1    0        0     
117    69     store           8      8    0        0     
118    122    ret             8      8    0        0     
119    792    store           8      8    0        0     
120    796    call            32     8    0        24    
121    21     store           8      8    0        0     
122    22     store           64     14   50       0     
123    23     store           64     12   52       0     
124    24     store           32     1    0        31    
125    29     br              1      1    0        0     
126    38     store           8      8    0        0     
127    43     store           32     7    25       0     
128    44     store           8      0    0        8     
129    48     ret             32     0    0        32    
130    798    store           8      0    0        8     
131    802    store           32     10   22       0     
132    766    br              1      0    1        0     
133    776    br              1      0    1        0     
134    784    br              1      1    0        0     
135    786    call            32     8    0        24    
136    21     store           8      8    0        0     
137    22     store           64     15   49       0     
138    23     store           64     15   49       0     
139    24     store           32     1    0        31    
140    29     br              1      1    0        0     
141    38     store           8      8    0        0     
142    43     store           32     7    25       0     
143    44     store           8      0    0        8     
144    48     ret             32     0    0        32    
145    788    store           8      0    0        8     
146    802    store           32     10   22       0     
147    766    br              1      0    0        1     
148    776    br              1      0    0        1     
149    813    br              1      0    1        0     
150    817    call            32     8    0        24    
151    21     store           8      8    0        0     
152    22     store           64     15   49       0     
153    23     store           64     8    55       1     
154    24     store           32     0    1        31    
155    29     br              1      0    1        0     
156    38     store           8      8    0        0     
157    43     store           32     0    0        32    
158    44     store           8      0    1        7     
159    48     ret             32     0    1        31    
160    819    store           8      0    1        7     
161    822    br              1      0    1        0     
162    826    store           32     0    2        30    
163    830    ret             32     0    2        30    
164    839    store           32     0    2        30    
165    844    ret             8      0    1        7     
166    1414   store           8      0    1        7     
167    1417   br              1      0    1        0     
168    1428   call            64     6    58       0     
169    1358   store           64     9    55       0     
170    1359   store           64     14   50       0     
171    1361   call            64     14   50       0     
172    3      store           64     14   50       0     
173    4      store           32     1    0        31    
174    8      call            64     14   50       0     
175    9      store           64     0    0        64    
176    14     ret             8      1    0        7     
177    1362   store           8      1    0        7     
178    1366   br              1      1    0        0     
179    1370   call            64     16   48       0     
180    1296   store           64     15   49       0     
181    1297   store           64     6    58       0     
182    1298   store           64     16   48       0     
183    1299   store           32     0    0        32    
184    1300   store           32     13   19       0     
185    1309   br              1      1    0        0     
186    1313   call            64     1    48       15    
187    1110   store           64     1    47       16    
188    1111   store           32     1    18       13    
189    1112   store           64     5    59       0     
190    1113   store           32     6    26       0     
191    1114   store           8      8    0        0     
192    1118   br              1      1    0        0     
193    1128   br              1      1    0        0     
194    1136   br              1      1    0        0     
195    1208   call            64     1    48       15    
196    896    store           64     1    48       15    
197    897    store           64     0    55       9     
198    898    store           64     1    63       0     
199    899    store           32     1    31       0     
200    900    store           8      0    0        8     
201    909    br              1      0    0        1     
202    918    call            32     0    8        24    
203    482    store           8      0    8        0     
204    486    br              1      0    1        0     
205    514    ret             8      0    1        7     
206    920    br              1      0    1        0     
207    947    br              1      1    0        0     
208    1036   br              1      1    0        0     
209    1046   store           8      8    0        0     
210    1049   ret             8      8    0        0     
211    1209   store           8      8    0        0     
212    1212   br              1      1    0        0     
213    1213   store           32     17   15       0     
214    1214   store           8      0    0        8     
215    1118   br              1      0    0        1     
216    1128   br              1      0    0        1     
217    1226   ret             32     17   15       0     
218    1314   store           32     17   15       0     
219    1317   br              1      0    0        1     
220    1332   br              1      1    0        0     
221    1344   call            32     8    0        24    
222    1347   store           32     13   19       0     
223    1309   br              1      1    0        0     
224    1313   call            64     0    48       16    
225    1110   store           64     0    50       14    
226    1111   store           32     0    19       13    
227    1112   store           64     10   54       0     
228    1113   store           32     6    26       0     
229    1114   store           8      8    0        0     
230    1118   br              1      1    0        0     
231    1128   br              1      1    0        0     
232    1136   br              1      1    0        0     
233    1208   call            64     0    49       15    
234    896    store           64     0    48       16    
235    897    store           64     0    55       9     
236    898    store           64     1    63       0     
237    899    store           32     1    31       0     
238    900    store           8      1    0        7     
239    909    br              1      0    0        1     
240    918    call            32     0    8        24    
241    482    store           8      0    8        0     
242    486    br              1      0    1        0     
243    514    ret             8      0    1        7     
244    920    br              1      0    1        0     
245    947    br              1      1    0        0     
246    1036   br              1      1    0        0     
247    1046   store           8      8    0        0     
248    1049   ret             8      8    0        0     
249    1209   store           8      8    0        0     
250    1212   br              1      1    0        0     
251    1213   store           32     17   15       0     
252    1214   store           8      0    0        8     
253    1118   br              1      0    0        1     
254    1128   br              1      0    0        1     
255    1226   ret             32     17   15       0     
256    1314   store           32     17   15       0     
257    1317   br              1      0    0        1     
258    1332   br              1      1    0        0     
259    1344   call            32     8    0        24    
260    1347   store           32     14   18       0     
261    1309   br              1      1    0        0     
262    1313   call            64     0    47       17    
263    1110   store           64     0    47       17    
264    1111   store           32     0    19       13    
265    1112   store           64     6    58       0     
266    1113   store           32     5    27       0     
267    1114   store           8      8    0        0     
268    1118   br              1      1    0        0     
269    1128   br              1      1    0        0     
270    1136   br              1      1    0        0     
271    1208   call            64     0    47       17    
272    896    store           64     0    50       14    
273    897    store           64     0    54       10    
274    898    store           64     1    63       0     
275    899    store           32     1    31       0     
276    900    store           8      1    0        7     
277    909    br              1      0    0        1     
278    918    call            32     0    8        24    
279    482    store           8      0    8        0     
280    486    br              1      0    1        0     
281    514    ret             8      0    1        7     
282    920    br              1      0    1        0     
283    947    br              1      1    0        0     
284    1036   br              1      1    0        0     
285    1046   store           8      8    0        0     
286    1049   ret             8      8    0        0     
287    1209   store           8      8    0        0     
288    1212   br              1      1    0        0     
289    1213   store           32     17   15       0     
290    1214   store           8      0    0        8     
291    1118   br              1      0    0        1     
292    1128   br              1      0    0        1     
293    1226   ret             32     17   15       0     
294    1314   store           32     17   15       0     
295    1317   br              1      0    0        1     
296    1332   br              1      1    0        0     
297    1344   call            32     8    0        24    
298    1347   store           32     13   19       0     
299    1309   br              1      1    0        0     
300    1313   call            64     0    50       14    
301    1110   store           64     0    48       16    
302    1111   store           32     0    18       14    
303    1112   store           64     6    58       0     
304    1113   store           32     5    27       0     
305    1114   store           8      8    0        0     
306    1118   br              1      1    0        0     
307    1128   br              1      1    0        0     
308    1136   br              1      1    0        0     
309    1208   call            64     0    48       16    
310    896    store           64     0    47       17    
311    897    store           64     0    56       8     
312    898    store           64     1    63       0     
313    899    store           32     1    31       0     
314    900    store           8      1    0        7     
315    909    br              1      0    0        1     
316    918    call            32     0    8        24    
317    482    store           8      0    8        0     
318    486    br              1      0    1        0     
319    514    ret             8      0    1        7     
320    920    br              1      0    1        0     
321    947    br              1      1    0        0     
322    1036   br              1      1    0        0     
323    1046   store           8      8    0        0     
324    1049   ret             8      8    0        0     
325    1209   store           8      8    0        0     
326    1212   br              1      1    0        0     
327    1213   store           32     18   14       0     
328    1214   store           8      0    0        8     
329    1118   br              1      0    0        1     
330    1128   br              1      0    0        1     
331    1226   ret             32     17   15       0     
332    1314   store           32     18   14       0     
333    1317   br              1      0    0        1     
334    1332   br              1      1    0        0     
335    1344   call            32     8    0        24    
336    1347   store           32     14   18       0     
337    1309   br              1      1    0        0     
338    1313   call            64     1    50       13    
339    1110   store           64     1    50       13    
340    1111   store           32     0    18       14    
341    1112   store           64     7    57       0     
342    1113   store           32     5    27       0     
343    1114   store           8      8    0        0     
344    1118   br              1      1    0        0     
345    1128   br              1      1    0        0     
346    1136   br              1      1    0        0     
347    1208   call            64     1    48       15    
348    896    store           64     1    47       16    
349    897    store           64     0    56       8     
350    898    store           64     1    63       0     
351    899    store           32     1    31       0     
352    900    store           8      1    0        7     
353    909    br              1      0    0        1     
354    918    call            32     0    8        24    
355    482    store           8      0    8        0     
356    486    br              1      0    1        0     
357    514    ret             8      0    1        7     
358    920    br              1      0    1        0     
359    947    br              1      1    0        0     
360    1036   br              1      1    0        0     
361    1046   store           8      8    0        0     
362    1049   ret             8      8    0        0     
363    1209   store           8      8    0        0     
364    1212   br              1      1    0        0     
365    1213   store           32     17   15       0     
366    1214   store           8      0    0        8     
367    1118   br              1      0    0        1     
368    1128   br              1      0    0        1     
369    1226   ret             32     18   14       0     
370    1314   store           32     17   15       0     
371    1317   br              1      0    0        1     
372    1332   br              1      1    0        0     
373    1344   call            32     8    0        24    
374    1347   store           32     14   18       0     
375    1309   br              1      1    0        0     
376    1313   call            64     0    49       15    
377    1110   store           64     0    47       17    
378    1111   store           32     0    18       14    
379    1112   store           64     5    59       0     
380    1113   store           32     6    26       0     
381    1114   store           8      8    0        0     
382    1118   br              1      1    0        0     
383    1128   br              1      1    0        0     
384    1136   br              1      1    0        0     
385    1208   call            64     0    49       15    
386    896    store           64     0    50       14    
387    897    store           64     0    55       9     
388    898    store           64     1    63       0     
389    899    store           32     1    31       0     
390    900    store           8      1    0        7     
391    909    br              1      0    0        1     
392    918    call            32     0    8        24    
393    482    store           8      0    8        0     
394    486    br              1      0    1        0     
395    514    ret             8      0    1        7     
396    920    br              1      0    1        0     
397    947    br              1      1    0        0     
398    1036   br              1      1    0        0     
399    1046   store           8      8    0        0     
400    1049   ret             8      8    0        0     
401    1209   store           8      8    0        0     
402    1212   br              1      1    0        0     
403    1213   store           32     18   14       0     
404    1214   store           8      0    0        8     
405    1118   br              1      0    0        1     
406    1128   br              1      0    0        1     
407    1226   ret             32     18   14       0     
408    1314   store           32     17   15       0     
409    1317   br              1      0    0        1     
410    1332   br              1      1    0        0     
411    1344   call            32     8    0        24    
412    1347   store           32     15   17       0     
413    1309   br              1      1    0        0     
414    1313   call            64     1    49       14    
415    1110   store           64     1    48       15    
416    1111   store           32     0    18       14    
417    1112   store           64     8    56       0     
418    1113   store           32     5    27       0     
419    1114   store           8      8    0        0     
420    1118   br              1      1    0        0     
421    1128   br              1      1    0        0     
422    1136   br              1      1    0        0     
423    1208   call            64     1    48       15    
424    896    store           64     1    50       13    
425    897    store           64     0    55       9     
426    898    store           64     1    63       0     
427    899    store           32     1    31       0     
428    900    store           8      1    0        7     
429    909    br              1      0    0        1     
430    918    call            32     0    8        24    
431    482    store           8      0    8        0     
432    486    br              1      0    1        0     
433    514    ret             8      0    1        7     
434    920    br              1      0    1        0     
435    947    br              1      1    0        0     
436    1036   br              1      1    0        0     
437    1046   store           8      8    0        0     
438    1049   ret             8      8    0        0     
439    1209   store           8      8    0        0     
440    1212   br              1      1    0        0     
441    1213   store           32     17   15       0     
442    1214   store           8      0    0        8     
443    1118   br              1      0    0        1     
444    1128   br              1      0    0        1     
445    1226   ret             32     18   14       0     
446    1314   store           32     17   15       0     
447    1317   br              1      0    0        1     
448    1332   br              1      1    0        0     
449    1344   call            32     8    0        24    
450    1347   store           32     14   18       0     
451    1309   br              1      1    0        0     
452    1313   call            64     1    50       13    
453    1110   store           64     1    49       14    
454    1111   store           32     0    18       14    
455    1112   store           64     8    56       0     
456    1113   store           32     4    28       0     
457    1114   store           8      8    0        0     
458    1118   br              1      1    0        0     
459    1128   br              1      1    0        0     
460    1136   br              1      1    0        0     
461    1208   call            64     1    49       14    
462    896    store           64     1    46       17    
463    897    store           64     0    56       8     
464    898    store           64     1    63       0     
465    899    store           32     1    31       0     
466    900    store           8      0    0        8     
467    909    br              1      0    0        1     
468    918    call            32     0    8        24    
469    482    store           8      0    8        0     
470    486    br              1      0    1        0     
471    514    ret             8      0    1        7     
472    920    br              1      0    1        0     
473    947    br              1      1    0        0     
474    1036   br              1      1    0        0     
475    1046   store           8      8    0        0     
476    1049   ret             8      8    0        0     
477    1209   store           8      8    0        0     
478    1212   br              1      1    0        0     
479    1213   store           32     17   15       0     
480    1214   store           8      0    0        8     
481    1118   br              1      0    0        1     
482    1128   br              1      0    0        1     
483    1226   ret             32     18   14       0     
484    1314   store           32     17   15       0     
485    1317   br              1      0    0        1     
486    1332   br              1      1    0        0     
487    1344   call            32     8    0        24    
488    1347   store           32     14   18       0     
489    1309   br              1      1    0        0     
490    1313   call            64     16   48       0     
491    1110   store           64     16   48       0     
492    1111   store           32     14   18       0     
493    1112   store           64     0    60       4     
494    1113   store           32     0    27       5     
495    1114   store           8      0    0        8     
496    1118   br              1      0    0        1     
497    1128   br              1      0    0        1     
498    1136   br              1      0    0        1     
499    1208   call            64     14   50       0     
500    896    store           64     14   50       0     
501    897    store           64     10   54       0     
502    898    store           64     0    63       1     
503    899    store           32     0    31       1     
504    900    store           8      0    0        8     
505    909    br              1      1    0        0     
506    918    call            32     0    8        24    
507    482    store           8      0    8        0     
508    486    br              1      0    1        0     
509    514    ret             8      0    1        7     
510    920    br              1      0    1        0     
511    947    br              1      1    0        0     
512    948    store           8      4    0        4     
513    1036   br              1      1    0        0     
514    1043   store           32     10   19       3     
515    1044   store           8      1    0        7     
516    1049   ret             8      1    0        7     
517    1209   store           8      1    0        7     
518    1212   br              1      1    0        0     
519    1219   call            64     0    64       0     
520    1053   store           64     0    64       0     
521    1054   store           32     0    32       0     
522    1061   call            32     0    8        24    
523    482    store           8      0    8        0     
524    486    br              1      0    1        0     
525    514    ret             8      0    1        7     
526    1063   br              1      0    1        0     
527    1075   store           32     1    24       7     
528    1101   ret             32     1    24       7     
529    1221   store           32     1    23       8     
530    1118   br              1      0    0        1     
531    1128   br              1      0    0        1     
532    1136   br              1      0    1        0     
533    1208   call            64     5    49       10    
534    896    store           64     3    49       12    
535    897    store           64     0    55       9     
536    898    store           64     0    64       0     
537    899    store           32     1    31       0     
538    900    store           8      0    0        8     
539    909    br              1      1    0        0     
540    918    call            32     0    8        24    
541    482    store           8      0    8        0     
542    486    br              1      0    0        1     
543    490    br              1      0    0        1     
544    494    br              1      0    0        1     
545    498    br              1      0    1        0     
546    514    ret             8      0    1        7     
547    920    br              1      0    1        0     
548    966    br              1      1    0        0     
549    967    store           8      4    0        4     
550    1036   br              1      1    0        0     
551    1043   store           32     11   18       3     
552    1044   store           8      1    0        7     
553    1049   ret             8      1    0        7     
554    1209   store           8      1    0        7     
555    1212   br              1      1    0        0     
556    1219   call            64     0    64       0     
557    1053   store           64     0    64       0     
558    1054   store           32     0    32       0     
559    1061   call            32     0    8        24    
560    482    store           8      0    8        0     
561    486    br              1      0    0        1     
562    490    br              1      0    0        1     
563    494    br              1      0    0        1     
564    498    br              1      0    1        0     
565    514    ret             8      0    1        7     
566    1063   br              1      0    1        0     
567    1077   store           32     0    24       8     
568    1101   ret             32     0    26       6     
569    1221   store           32     0    25       7     
570    1118   br              1      0    0        1     
571    1128   br              1      0    1        0     
572    1226   ret             32     10   19       3     
573    1314   store           32     11   18       3     
574    1317   br              1      1    0        0     
575    1321   br              1      1    0        0     
576    1326   call            64     15   49       0     
577    1233   store           64     17   47       0     
578    1234   store           32     31   1        0     
579    1235   store           32     15   17       0     
580    1236   store           64     15   49       0     
581    1237   store           32     14   18       0     
582    1246   br              1      1    0        0     
583    1254   br              1      1    0        0     
584    1283   call            32     8    0        24    
585    1287   store           32     14   18       0     
586    1246   br              1      1    0        0     
587    1254   br              1      1    0        0     
588    1256   store           32     31   1        0     
589    1261   br              1      1    0        0     
590    1269   call            32     8    0        24    
591    1273   store           32     31   1        0     
592    1261   br              1      1    0        0     
593    1269   call            32     8    0        24    
594    1273   store           32     2    1        29    
595    1261   br              1      1    0        0     
596    1287   store           32     6    18       8     
597    1246   br              1      1    0        0     
598    1328   store           32     0    0        32    
599    1332   br              1      1    0        0     
600    1336   br              1      1    0        0     
601    1350   store           32     12   19       1     
602    1309   br              1      1    0        0     
603    1313   call            64     0    48       16    
604    1110   store           64     0    49       15    
605    1111   store           32     0    18       14    
606    1112   store           64     1    56       7     
607    1113   store           32     1    26       5     
608    1114   store           8      0    0        8     
609    1118   br              1      0    0        1     
610    1128   br              1      0    0        1     
611    1136   br              1      1    0        0     
612    1208   call            64     0    47       17    
613    896    store           64     0    50       14    
614    897    store           64     0    54       10    
615    898    store           64     1    63       0     
616    899    store           32     1    31       0     
617    900    store           8      0    0        8     
618    909    br              1      0    0        1     
619    918    call            32     0    8        24    
620    482    store           8      0    8        0     
621    486    br              1      0    1        0     
622    514    ret             8      0    1        7     
623    920    br              1      0    1        0     
624    947    br              1      1    0        0     
625    1036   br              1      0    0        1     
626    1046   store           8      8    0        0     
627    1049   ret             8      8    0        0     
628    1209   store           8      8    0        0     
629    1212   br              1      1    0        0     
630    1213   store           32     17   15       0     
631    1214   store           8      0    0        8     
632    1118   br              1      0    0        1     
633    1128   br              1      0    0        1     
634    1226   ret             32     17   15       0     
635    1314   store           32     18   14       0     
636    1317   br              1      1    0        0     
637    1332   br              1      1    0        0     
638    1344   call            32     8    0        24    
639    1347   store           32     14   18       0     
640    1309   br              1      1    0        0     
641    1313   call            64     0    49       15    
642    1110   store           64     0    48       16    
643    1111   store           32     0    18       14    
644    1112   store           64     7    57       0     
645    1113   store           32     5    27       0     
646    1114   store           8      8    0        0     
647    1118   br              1      1    0        0     
648    1128   br              1      1    0        0     
649    1136   br              1      1    0        0     
650    1208   call            64     0    49       15    
651    896    store           64     0    50       14    
652    897    store           64     0    52       12    
653    898    store           64     1    63       0     
654    899    store           32     1    31       0     
655    900    store           8      0    0        8     
656    909    br              1      0    0        1     
657    918    call            32     0    8        24    
658    482    store           8      0    8        0     
659    486    br              1      0    1        0     
660    514    ret             8      0    1        7     
661    920    br              1      0    1        0     
662    947    br              1      1    0        0     
663    1036   br              1      1    0        0     
664    1046   store           8      8    0        0     
665    1049   ret             8      8    0        0     
666    1209   store           8      8    0        0     
667    1212   br              1      1    0        0     
668    1213   store           32     17   15       0     
669    1214   store           8      0    0        8     
670    1118   br              1      0    0        1     
671    1128   br              1      0    0        1     
672    1226   ret             32     17   15       0     
673    1314   store           32     18   14       0     
674    1317   br              1      1    0        0     
675    1332   br              1      1    0        0     
676    1344   call            32     8    0        24    
677    1347   store           32     14   18       0     
678    1309   br              1      1    0        0     
679    1313   call            64     0    49       15    
680    1110   store           64     0    49       15    
681    1111   store           32     1    18       13    
682    1112   store           64     8    56       0     
683    1113   store           32     7    25       0     
684    1114   store           8      8    0        0     
685    1118   br              1      1    0        0     
686    1128   br              1      1    0        0     
687    1136   br              1      1    0        0     
688    1208   call            64     0    50       14    
689    896    store           64     0    48       16    
690    897    store           64     0    57       7     
691    898    store           64     1    63       0     
692    899    store           32     1    31       0     
693    900    store           8      0    0        8     
694    909    br              1      0    0        1     
695    918    call            32     0    8        24    
696    482    store           8      0    8        0     
697    486    br              1      0    1        0     
698    514    ret             8      0    1        7     
699    920    br              1      0    1        0     
700    947    br              1      1    0        0     
701    1036   br              1      1    0        0     
702    1046   store           8      8    0        0     
703    1049   ret             8      8    0        0     
704    1209   store           8      8    0        0     
705    1212   br              1      1    0        0     
706    1213   store           32     17   15       0     
707    1214   store           8      0    0        8     
708    1118   br              1      0    0        1     
709    1128   br              1      0    0        1     
710    1226   ret             32     18   14       0     
711    1314   store           32     17   15       0     
712    1317   br              1      1    0        0     
713    1332   br              1      1    0        0     
714    1344   call            32     8    0        24    
715    1347   store           32     14   18       0     
716    1309   br              1      1    0        0     
717    1313   call            64     0    46       18    
718    1110   store           64     0    48       16    
719    1111   store           32     0    18       14    
720    1112   store           64     5    59       0     
721    1113   store           32     5    27       0     
722    1114   store           8      8    0        0     
723    1118   br              1      1    0        0     
724    1128   br              1      1    0        0     
725    1136   br              1      1    0        0     
726    1208   call            64     0    50       14    
727    896    store           64     0    49       15    
728    897    store           64     0    53       11    
729    898    store           64     1    63       0     
730    899    store           32     1    31       0     
731    900    store           8      0    0        8     
732    909    br              1      0    0        1     
733    918    call            32     0    8        24    
734    482    store           8      0    8        0     
735    486    br              1      0    1        0     
736    514    ret             8      0    1        7     
737    920    br              1      0    1        0     
738    947    br              1      1    0        0     
739    1036   br              1      1    0        0     
740    1046   store           8      8    0        0     
741    1049   ret             8      8    0        0     
742    1209   store           8      8    0        0     
743    1212   br              1      1    0        0     
744    1213   store           32     17   15       0     
745    1214   store           8      0    0        8     
746    1118   br              1      0    0        1     
747    1128   br              1      0    0        1     
748    1226   ret             32     17   15       0     
749    1314   store           32     17   15       0     
750    1317   br              1      1    0        0     
751    1332   br              1      1    0        0     
752    1344   call            32     8    0        24    
753    1347   store           32     15   17       0     
754    1309   br              1      1    0        0     
755    1313   call            64     0    49       15    
756    1110   store           64     0    50       14    
757    1111   store           32     0    18       14    
758    1112   store           64     7    57       0     
759    1113   store           32     6    26       0     
760    1114   store           8      8    0        0     
761    1118   br              1      1    0        0     
762    1128   br              1      1    0        0     
763    1136   br              1      1    0        0     
764    1208   call            64     0    49       15    
765    896    store           64     0    46       18    
766    897    store           64     0    54       10    
767    898    store           64     1    63       0     
768    899    store           32     1    31       0     
769    900    store           8      0    0        8     
770    909    br              1      0    0        1     
771    918    call            32     0    8        24    
772    482    store           8      0    8        0     
773    486    br              1      0    1        0     
774    514    ret             8      0    1        7     
775    920    br              1      0    1        0     
776    947    br              1      1    0        0     
777    1036   br              1      1    0        0     
778    1046   store           8      8    0        0     
779    1049   ret             8      8    0        0     
780    1209   store           8      8    0        0     
781    1212   br              1      1    0        0     
782    1213   store           32     18   14       0     
783    1214   store           8      0    0        8     
784    1118   br              1      0    0        1     
785    1128   br              1      0    0        1     
786    1226   ret             32     17   15       0     
787    1314   store           32     18   14       0     
788    1317   br              1      1    0        0     
789    1332   br              1      1    0        0     
790    1344   call            32     8    0        24    
791    1347   store           32     13   19       0     
792    1309   br              1      1    0        0     
793    1313   call            64     0    49       15    
794    1110   store           64     0    48       16    
795    1111   store           32     0    18       14    
796    1112   store           64     10   54       0     
797    1113   store           32     6    26       0     
798    1114   store           8      8    0        0     
799    1118   br              1      1    0        0     
800    1128   br              1      1    0        0     
801    1136   br              1      1    0        0     
802    1208   call            64     0    47       17    
803    896    store           64     0    47       17    
804    897    store           64     0    53       11    
805    898    store           64     1    63       0     
806    899    store           32     1    31       0     
807    900    store           8      0    0        8     
808    909    br              1      0    0        1     
809    918    call            32     0    8        24    
810    482    store           8      0    8        0     
811    486    br              1      0    1        0     
812    514    ret             8      0    1        7     
813    920    br              1      0    1        0     
814    947    br              1      1    0        0     
815    1036   br              1      1    0        0     
816    1046   store           8      8    0        0     
817    1049   ret             8      8    0        0     
818    1209   store           8      8    0        0     
819    1212   br              1      1    0        0     
820    1213   store           32     17   15       0     
821    1214   store           8      0    0        8     
822    1118   br              1      0    0        1     
823    1128   br              1      0    0        1     
824    1226   ret             32     18   14       0     
825    1314   store           32     17   15       0     
826    1317   br              1      1    0        0     
827    1332   br              1      1    0        0     
828    1344   call            32     8    0        24    
829    1347   store           32     14   18       0     
830    1309   br              1      1    0        0     
831    1313   call            64     0    47       17    
832    1110   store           64     0    47       17    
833    1111   store           32     0    18       14    
834    1112   store           64     4    60       0     
835    1113   store           32     6    26       0     
836    1114   store           8      8    0        0     
837    1118   br              1      1    0        0     
838    1128   br              1      1    0        0     
839    1136   br              1      1    0        0     
840    1208   call            64     0    49       15    
841    896    store           64     0    48       16    
842    897    store           64     0    52       12    
843    898    store           64     1    63       0     
844    899    store           32     1    31       0     
845    900    store           8      0    0        8     
846    909    br              1      0    0        1     
847    918    call            32     0    8        24    
848    482    store           8      0    8        0     
849    486    br              1      0    1        0     
850    514    ret             8      0    1        7     
851    920    br              1      0    1        0     
852    947    br              1      1    0        0     
853    1036   br              1      1    0        0     
854    1046   store           8      8    0        0     
855    1049   ret             8      8    0        0     
856    1209   store           8      8    0        0     
857    1212   br              1      1    0        0     
858    1213   store           32     17   15       0     
859    1214   store           8      0    0        8     
860    1118   br              1      0    0        1     
861    1128   br              1      0    0        1     
862    1226   ret             32     18   14       0     
863    1314   store           32     18   14       0     
864    1317   br              1      1    0        0     
865    1332   br              1      1    0        0     
866    1344   call            32     8    0        24    
867    1347   store           32     14   18       0     
868    1309   br              1      1    0        0     
869    1313   call            64     0    49       15    
870    1110   store           64     0    49       15    
871    1111   store           32     1    18       13    
872    1112   store           64     7    57       0     
873    1113   store           32     6    26       0     
874    1114   store           8      8    0        0     
875    1118   br              1      1    0        0     
876    1128   br              1      1    0        0     
877    1136   br              1      1    0        0     
878    1208   call            64     0    47       17    
879    896    store           64     0    49       15    
880    897    store           64     0    56       8     
881    898    store           64     0    63       1     
882    899    store           32     0    31       1     
883    900    store           8      1    0        7     
884    909    br              1      0    0        1     
885    918    call            32     0    8        24    
886    482    store           8      0    8        0     
887    486    br              1      0    1        0     
888    514    ret             8      0    1        7     
889    920    br              1      0    1        0     
890    947    br              1      0    0        1     
891    1036   br              1      1    0        0     
892    1046   store           8      8    0        0     
893    1049   ret             8      8    0        0     
894    1209   store           8      8    0        0     
895    1212   br              1      1    0        0     
896    1213   store           32     18   14       0     
897    1214   store           8      0    0        8     
898    1118   br              1      0    0        1     
899    1128   br              1      0    0        1     
900    1226   ret             32     17   15       0     
901    1314   store           32     17   15       0     
902    1317   br              1      1    0        0     
903    1332   br              1      1    0        0     
904    1344   call            32     8    0        24    
905    1347   store           32     15   17       0     
906    1309   br              1      1    0        0     
907    1313   call            64     0    48       16    
908    1110   store           64     0    49       15    
909    1111   store           32     0    19       13    
910    1112   store           64     8    55       1     
911    1113   store           32     4    27       1     
912    1114   store           8      8    0        0     
913    1118   br              1      1    0        0     
914    1128   br              1      1    0        0     
915    1136   br              1      1    0        0     
916    1208   call            64     0    48       16    
917    896    store           64     0    51       13    
918    897    store           64     0    56       8     
919    898    store           64     0    63       1     
920    899    store           32     0    31       1     
921    900    store           8      1    0        7     
922    909    br              1      0    0        1     
923    918    call            32     0    8        24    
924    482    store           8      0    8        0     
925    486    br              1      0    1        0     
926    514    ret             8      0    1        7     
927    920    br              1      0    1        0     
928    947    br              1      0    0        1     
929    1036   br              1      1    0        0     
930    1046   store           8      0    0        8     
931    1049   ret             8      0    0        8     
932    1209   store           8      0    0        8     
933    1212   br              1      0    0        1     
934    1213   store           32     17   15       0     
935    1214   store           8      0    0        8     
936    1118   br              1      0    0        1     
937    1128   br              1      0    0        1     
938    1226   ret             32     18   14       0     
939    1314   store           32     17   15       0     
940    1317   br              1      1    0        0     
941    1332   br              1      1    0        0     
942    1344   call            32     8    0        24    
943    1347   store           32     7    19       6     
944    1309   br              1      1    0        0     
945    1372   call            64     0    0        64    
946    3      store           64     0    0        64    
947    4      store           32     0    0        32    
948    8      call            64     0    0        64    
949    9      store           64     64   0        0     
950    14     ret             8      8    0        0     
951    1373   store           8      8    0        0     
952    1366   br              1      1    0        0     
953    1429   ret             32     0    8        24    
