0      32     
1      32     
2      32     
3      32     
4      32     
5      32     
6      32     
7      64     
8      32     
9      64     
10     64     
11     32     
12     1      
13     32     
14     64     
15     32     
16     32     
17     1      
18     64     
19     32     
20     32     
21     64     
22     64     
23     32     
24     64     
25     32     
26     64     
27     32     
28     32     
29     32     
30     32     
31     32     
32     64     
33     32     
34     64     
35     64     
36     32     
37     1      
38     32     
39     64     
40     32     
41     32     
42     1      
43     64     
44     32     
45     32     
46     64     
47     64     
48     32     
49     64     
50     32     
51     64     
52     32     
53     32     
54     32     
55     32     
56     32     
57     64     
58     32     
59     64     
60     64     
61     32     
62     1      
63     32     
64     64     
65     32     
66     32     
67     1      
68     64     
69     32     
70     32     
71     64     
72     64     
73     32     
74     64     
75     32     
76     64     
77     32     
78     32     
79     32     
80     32     
81     32     
82     64     
83     32     
84     64     
85     64     
86     32     
87     1      
88     32     
89     64     
90     32     
91     32     
92     1      
93     64     
94     32     
95     32     
96     64     
97     64     
98     32     
99     64     
100    32     
101    64     
102    32     
103    32     
104    32     
105    32     
106    32     
107    64     
108    32     
109    64     
110    64     
111    32     
112    1      
113    32     
114    64     
115    32     
116    32     
117    1      
118    64     
119    32     
120    32     
121    64     
122    64     
123    32     
124    64     
125    32     
126    64     
127    32     
128    32     
129    32     
130    32     
131    32     
132    64     
133    32     
134    64     
135    64     
136    32     
137    1      
138    32     
139    64     
140    32     
141    32     
142    1      
143    64     
144    32     
145    32     
146    64     
147    64     
148    32     
149    64     
150    32     
151    64     
152    32     
153    64     
154    64     
155    32     
156    64     
157    64     
158    32     
159    64     
160    64     
161    32     
162    64     
163    32     
164    1      
165    32     
166    64     
167    32     
168    32     
169    1      
170    1      
171    64     
172    32     
173    32     
174    64     
175    32     
176    64     
177    32     
178    1      
179    32     
180    64     
181    32     
182    32     
183    1      
184    64     
185    32     
186    64     
187    64     
188    32     
189    64     
190    32     
191    32     
192    64     
193    32     
194    64     
195    32     
196    32     
197    64     
198    64     
199    64     
200    32     
201    64     
202    32     
203    1      
204    32     
205    64     
206    32     
207    32     
208    1      
209    1      
210    64     
211    32     
212    32     
213    64     
214    32     
215    64     
216    32     
217    1      
218    32     
219    64     
220    32     
221    32     
222    1      
223    64     
224    32     
225    64     
226    64     
227    32     
228    64     
229    32     
230    32     
231    64     
232    32     
233    64     
234    32     
235    32     
236    64     
237    64     
238    64     
239    32     
240    64     
241    32     
242    1      
243    32     
244    64     
245    32     
246    32     
247    1      
248    1      
249    64     
250    32     
251    32     
252    64     
253    32     
254    64     
255    32     
256    1      
257    32     
258    64     
259    32     
260    32     
261    1      
262    64     
263    32     
264    64     
265    64     
266    32     
267    64     
268    32     
269    32     
270    64     
271    32     
272    64     
273    32     
274    32     
275    64     
276    64     
277    64     
278    32     
279    64     
280    32     
281    1      
282    32     
283    64     
284    32     
285    32     
286    1      
287    1      
288    64     
289    32     
290    32     
291    64     
292    32     
293    64     
294    32     
295    1      
296    32     
297    64     
298    32     
299    32     
300    1      
301    64     
302    32     
303    64     
304    64     
305    32     
306    64     
307    32     
308    32     
309    64     
310    32     
311    64     
312    32     
313    32     
314    64     
315    64     
316    64     
317    32     
318    64     
319    32     
320    1      
321    32     
322    64     
323    32     
324    32     
325    1      
326    1      
327    64     
328    32     
329    32     
330    64     
331    32     
332    64     
333    32     
334    1      
335    32     
336    64     
337    32     
338    32     
339    1      
340    64     
341    32     
342    64     
343    64     
344    32     
345    64     
346    32     
347    32     
348    64     
349    32     
350    64     
351    32     
352    32     
353    64     
354    64     
355    64     
356    32     
357    64     
358    32     
359    1      
360    32     
361    64     
362    32     
363    32     
364    1      
365    1      
366    64     
367    32     
368    32     
369    64     
370    32     
371    64     
372    32     
373    1      
374    32     
375    64     
376    32     
377    32     
378    1      
379    64     
380    32     
381    64     
382    64     
383    32     
384    64     
385    32     
386    32     
387    64     
388    32     
389    64     
390    32     
391    32     
392    64     
393    64     
394    64     
395    32     
396    64     
397    32     
398    1      
399    32     
400    64     
401    32     
402    32     
403    1      
404    1      
405    64     
406    32     
407    64     
408    64     
409    32     
410    1      
411    32     
412    64     
413    32     
414    32     
415    1      
416    64     
417    64     
418    32     
419    64     
420    32     
421    1      
422    32     
423    64     
424    32     
425    32     
426    1      
427    64     
428    32     
