0      32     
1      32     
2      32     
3      32     
4      32     
5      32     
6      32     
7      32     
8      32     
9      32     
10     64     
11     32     
12     64     
13     32     
14     64     
15     64     
16     8      
17     32     
18     1      
19     64     
20     32     
21     64     
22     64     
23     8      
24     64     
25     64     
26     32     
27     32     
28     64     
29     32     
30     64     
31     64     
32     8      
33     32     
34     1      
35     64     
36     32     
37     64     
38     64     
39     8      
40     64     
41     64     
42     32     
43     32     
44     64     
45     32     
46     64     
47     64     
48     8      
49     32     
50     1      
51     64     
52     32     
53     64     
54     64     
55     8      
56     64     
57     64     
58     32     
59     32     
60     64     
61     32     
62     64     
63     64     
64     8      
65     32     
66     1      
67     64     
68     32     
69     64     
70     64     
71     8      
72     64     
73     64     
74     32     
75     32     
76     64     
77     32     
78     64     
79     64     
80     8      
81     32     
82     1      
83     64     
84     32     
85     64     
86     64     
87     8      
88     64     
89     64     
90     32     
91     32     
92     64     
93     32     
94     64     
95     64     
96     8      
97     32     
98     1      
99     64     
100    32     
101    64     
102    64     
103    8      
104    64     
105    64     
106    32     
107    32     
108    64     
109    32     
110    64     
111    64     
112    8      
113    32     
114    1      
115    64     
116    32     
117    64     
118    64     
119    8      
120    64     
121    64     
122    32     
123    32     
124    64     
125    32     
126    64     
127    64     
128    8      
129    32     
130    1      
131    64     
132    32     
133    64     
134    64     
135    8      
136    64     
137    64     
138    32     
139    32     
140    64     
141    32     
142    64     
143    64     
144    8      
145    32     
146    1      
147    64     
148    32     
149    64     
150    64     
151    8      
152    64     
153    64     
154    32     
155    32     
156    64     
157    32     
158    64     
159    64     
160    8      
161    32     
162    1      
163    64     
164    32     
165    64     
166    64     
167    8      
168    64     
169    64     
170    32     
171    32     
172    64     
173    32     
174    64     
175    64     
176    8      
177    32     
178    1      
179    64     
180    32     
181    64     
182    64     
183    8      
184    64     
185    64     
186    32     
187    32     
188    64     
189    32     
190    64     
191    64     
192    8      
193    32     
194    1      
195    64     
196    32     
197    64     
198    64     
199    8      
200    64     
201    64     
202    32     
203    32     
204    64     
205    32     
206    64     
207    64     
208    8      
209    32     
210    1      
211    64     
212    32     
213    64     
214    64     
215    8      
216    64     
217    64     
218    32     
219    32     
220    64     
221    32     
222    64     
223    64     
224    8      
225    32     
226    1      
227    64     
228    32     
229    64     
230    64     
231    8      
232    64     
233    64     
234    32     
235    32     
236    64     
237    32     
238    64     
239    64     
240    8      
241    32     
242    1      
243    64     
244    32     
245    64     
246    64     
247    8      
248    64     
249    64     
250    32     
251    32     
252    64     
253    32     
254    64     
255    64     
256    8      
257    32     
258    1      
259    64     
260    32     
261    64     
262    64     
263    8      
264    64     
265    64     
266    32     
267    32     
268    64     
269    32     
270    64     
271    64     
272    8      
273    32     
274    1      
275    64     
276    32     
277    64     
278    64     
279    8      
280    64     
281    64     
282    32     
283    32     
284    64     
285    32     
286    64     
287    64     
288    8      
289    32     
290    1      
291    64     
292    32     
293    64     
294    64     
295    8      
296    64     
297    64     
298    32     
299    32     
300    64     
301    32     
302    64     
303    64     
304    8      
305    32     
306    1      
307    64     
308    32     
309    64     
310    64     
311    8      
312    64     
313    64     
314    32     
315    32     
316    64     
317    32     
318    64     
319    64     
320    8      
321    32     
322    1      
323    64     
324    32     
325    64     
326    64     
327    8      
328    64     
329    64     
330    32     
331    32     
332    64     
333    32     
334    64     
335    64     
336    8      
337    32     
338    1      
339    64     
340    32     
341    64     
342    64     
343    8      
344    64     
345    64     
346    32     
347    32     
348    64     
349    32     
350    64     
351    64     
352    8      
353    32     
354    1      
355    64     
356    64     
357    32     
358    32     
359    32     
360    32     
361    32     
362    32     
363    32     
364    64     
365    32     
366    32     
367    64     
368    32     
369    32     
370    32     
371    64     
372    64     
373    8      
374    64     
375    8      
376    64     
377    64     
378    8      
379    32     
380    64     
381    64     
382    64     
383    64     
384    64     
385    64     
386    8      
387    64     
388    64     
389    64     
390    64     
391    64     
392    64     
393    64     
394    64     
395    1      
396    64     
397    64     
398    64     
399    32     
400    32     
401    32     
402    64     
403    64     
404    8      
405    64     
406    8      
407    64     
408    64     
409    8      
410    32     
411    64     
412    64     
413    32     
414    32     
415    32     
416    64     
417    64     
418    32     
419    64     
420    32     
421    32     
422    32     
423    64     
424    64     
425    8      
426    64     
427    8      
428    64     
429    64     
430    8      
431    32     
432    64     
433    64     
434    64     
435    64     
436    64     
437    64     
438    8      
439    64     
440    64     
441    64     
442    64     
443    64     
444    64     
445    64     
446    64     
447    1      
448    64     
449    32     
450    1      
451    64     
452    64     
453    32     
454    64     
455    64     
456    64     
457    64     
458    64     
459    32     
460    32     
461    32     
462    64     
463    64     
464    8      
465    64     
466    8      
467    64     
468    64     
469    8      
470    32     
471    64     
472    64     
473    32     
474    32     
475    32     
476    64     
477    64     
478    32     
479    64     
480    32     
481    32     
482    32     
483    64     
484    64     
485    8      
486    64     
487    8      
488    64     
489    64     
490    8      
491    32     
492    64     
493    64     
494    64     
495    64     
496    64     
497    64     
498    8      
499    64     
500    64     
501    64     
502    64     
503    64     
504    64     
505    64     
506    64     
507    1      
508    64     
509    32     
510    1      
511    64     
512    64     
513    32     
514    64     
515    64     
516    64     
517    64     
518    64     
519    32     
520    32     
521    32     
522    64     
523    64     
524    8      
525    64     
526    8      
527    64     
528    64     
529    8      
530    32     
531    32     
532    64     
533    32     
534    32     
535    32     
536    64     
537    64     
538    8      
539    64     
540    8      
541    64     
542    64     
543    8      
544    32     
545    64     
546    64     
547    64     
548    64     
549    64     
550    64     
551    8      
552    64     
553    64     
554    64     
555    64     
556    64     
557    64     
558    64     
559    64     
560    1      
561    64     
562    32     
563    1      
564    64     
565    64     
566    32     
567    64     
568    64     
569    64     
570    64     
571    64     
572    32     
573    32     
574    32     
575    64     
576    64     
577    8      
578    64     
579    8      
580    64     
581    64     
582    8      
583    32     
584    64     
585    64     
586    32     
587    32     
588    32     
589    64     
590    64     
591    32     
592    64     
593    32     
594    32     
595    32     
596    64     
597    64     
598    8      
599    64     
600    8      
601    64     
602    64     
603    8      
604    32     
605    64     
606    64     
607    64     
608    64     
609    64     
610    64     
611    8      
612    64     
613    64     
614    64     
615    64     
616    64     
617    64     
618    64     
619    64     
620    1      
621    64     
622    32     
623    1      
624    64     
625    64     
626    32     
627    64     
628    64     
629    64     
630    64     
631    64     
632    32     
633    32     
634    32     
635    64     
636    64     
637    8      
638    64     
639    8      
640    64     
641    64     
642    8      
643    32     
644    64     
645    32     
646    32     
647    64     
648    32     
649    32     
650    32     
651    64     
652    64     
653    8      
654    64     
655    8      
656    64     
657    64     
658    8      
659    32     
660    64     
661    32     
662    32     
663    64     
664    32     
665    32     
666    32     
667    64     
668    64     
669    8      
670    64     
671    8      
672    64     
673    64     
674    8      
675    32     
676    32     
677    64     
678    32     
679    32     
680    32     
681    64     
682    64     
683    8      
684    64     
685    8      
686    64     
687    64     
688    8      
689    32     
690    64     
691    64     
692    64     
693    64     
694    64     
695    64     
696    8      
697    64     
698    64     
699    64     
700    64     
701    64     
702    64     
703    64     
704    64     
705    1      
706    64     
707    32     
708    1      
709    64     
710    64     
711    32     
712    64     
713    64     
714    64     
715    64     
716    64     
717    32     
718    32     
719    32     
720    64     
721    64     
722    8      
723    64     
724    8      
725    64     
726    64     
727    8      
728    32     
729    64     
730    64     
731    32     
732    32     
733    32     
734    64     
735    64     
736    32     
737    64     
738    32     
739    32     
740    32     
741    64     
742    64     
743    8      
744    64     
745    8      
746    64     
747    64     
748    8      
749    32     
750    64     
751    64     
752    64     
753    64     
754    64     
755    64     
756    8      
757    64     
758    64     
759    64     
760    64     
761    64     
762    64     
763    64     
764    64     
765    1      
766    64     
767    32     
768    1      
769    64     
770    64     
771    32     
772    64     
773    64     
774    64     
775    64     
776    64     
777    32     
778    32     
779    32     
780    64     
781    64     
782    8      
783    64     
784    8      
785    64     
786    64     
787    8      
788    32     
789    64     
790    64     
791    32     
792    32     
793    32     
794    64     
795    64     
796    32     
797    64     
798    32     
799    32     
800    32     
801    64     
802    64     
803    8      
804    64     
805    8      
806    64     
807    64     
808    8      
809    32     
810    32     
811    64     
812    32     
813    32     
814    32     
815    64     
816    64     
817    8      
818    64     
819    8      
820    64     
821    64     
822    8      
823    32     
824    64     
825    64     
826    64     
827    64     
828    64     
829    64     
830    8      
831    64     
832    64     
833    64     
834    64     
835    64     
836    64     
837    64     
838    64     
839    1      
840    64     
841    32     
842    1      
843    64     
844    64     
845    32     
846    64     
847    64     
848    64     
849    64     
850    64     
851    32     
852    32     
853    32     
854    64     
855    64     
856    8      
857    64     
858    8      
859    64     
860    64     
861    8      
862    32     
863    64     
864    32     
865    32     
866    64     
867    32     
868    32     
869    32     
870    64     
871    64     
872    8      
873    64     
874    8      
875    64     
876    64     
877    8      
878    32     
879    64     
880    32     
881    32     
882    64     
883    32     
884    32     
885    32     
886    64     
887    64     
888    8      
889    64     
890    8      
891    64     
892    64     
893    8      
894    32     
895    64     
896    32     
897    32     
898    64     
899    32     
900    32     
901    32     
902    64     
903    64     
904    8      
905    64     
906    8      
907    64     
908    64     
909    8      
910    32     
911    64     
912    64     
913    64     
914    64     
915    64     
916    32     
917    32     
918    64     
919    64     
920    64     
921    1      
922    64     
923    64     
924    64     
925    64     
926    1      
927    64     
928    64     
929    64     
930    64     
931    32     
932    32     
933    64     
934    64     
935    64     
936    1      
937    64     
938    64     
939    64     
940    64     
941    1      
942    64     
943    64     
944    64     
945    64     
946    32     
947    32     
948    64     
949    64     
950    64     
951    1      
952    64     
953    64     
954    64     
955    64     
956    1      
957    64     
958    64     
959    64     
960    64     
961    1      
962    32     
963    64     
964    32     
965    64     
966    64     
967    64     
968    64     
969    32     
970    32     
971    64     
972    64     
973    64     
974    1      
975    64     
976    64     
977    64     
978    64     
979    1      
980    64     
981    64     
982    64     
983    64     
984    32     
985    32     
986    64     
987    64     
988    64     
989    1      
990    64     
991    64     
992    64     
993    64     
994    1      
995    64     
996    64     
997    64     
998    64     
999    1      
1000   32     
1001   64     
1002   32     
1003   64     
1004   64     
1005   64     
1006   64     
1007   32     
1008   32     
1009   64     
1010   64     
1011   64     
1012   1      
1013   32     
1014   64     
1015   32     
1016   32     
1017   32     
1018   64     
1019   32     
1020   32     
1021   32     
1022   64     
1023   32     
1024   64     
1025   64     
1026   64     
1027   64     
1028   32     
1029   32     
1030   64     
1031   64     
1032   64     
1033   1      
1034   64     
1035   64     
1036   64     
1037   64     
1038   1      
1039   64     
1040   64     
1041   64     
1042   64     
1043   32     
1044   32     
1045   64     
1046   64     
1047   64     
1048   1      
1049   64     
1050   64     
1051   64     
1052   64     
1053   1      
1054   64     
1055   64     
1056   64     
1057   64     
1058   1      
1059   64     
1060   64     
1061   64     
1062   64     
1063   32     
1064   32     
1065   64     
1066   64     
1067   64     
1068   1      
1069   32     
1070   64     
1071   32     
1072   64     
1073   64     
1074   64     
1075   64     
1076   32     
1077   32     
1078   64     
1079   64     
1080   64     
1081   1      
1082   64     
1083   64     
1084   64     
1085   64     
1086   1      
1087   64     
1088   64     
1089   64     
1090   64     
1091   1      
1092   32     
1093   64     
1094   32     
1095   32     
1096   32     
1097   64     
1098   32     
1099   64     
1100   64     
1101   64     
1102   64     
1103   32     
1104   32     
1105   64     
1106   64     
1107   64     
1108   1      
1109   32     
1110   64     
1111   32     
1112   32     
1113   32     
1114   64     
1115   32     
1116   32     
1117   32     
1118   64     
1119   32     
1120   32     
1121   64     
1122   64     
1123   64     
1124   64     
1125   64     
1126          
1127          
1128          
1129          
1130          
1131          
1132          
1133          
1134          
1135          
1136          
1137          
1138          
1139          
1140          
1141          
1142          
1143          
1144          
1145          
1146          
1147          
1148          
1149          
1150          
1151          
1152          
1153          
1154          
1155          
1156          
1157          
1158          
1159          
1160          
1161          
1162          
1163          
1164          
1165          
1166          
1167          
1168          
1169          
1170          
1171          
1172          
1173          
1174          
1175          
1176          
1177          
1178          
1179          
1180          
1181          
1182          
1183          
1184          
1185          
1186          
1187          
1188          
1189          
1190          
1191          
1192          
1193          
1194          
1195          
1196          
1197          
1198          
1199          
1200          
1201          
1202          
1203          
1204          
1205          
1206          
1207          
1208          
1209          
1210          
1211          
1212          
1213          
1214          
1215          
1216          
1217          
1218          
1219          
1220          
1221          
1222          
1223          
1224          
1225          
1226          
1227          
1228          
1229          
1230          
1231          
1232          
1233          
1234          
1235          
1236          
1237          
1238          
1239          
1240          
1241          
1242          
1243          
1244          
1245          
1246          
1247          
1248          
1249          
1250          
1251          
1252          
1253          
1254          
1255          
1256          
1257          
1258          
1259          
1260          
1261          
1262          
1263          
1264          
1265          
1266          
1267          
1268          
1269          
1270          
1271          
1272          
1273          
1274          
1275          
1276          
1277          
1278          
1279          
1280          
1281          
1282          
1283          
1284          
1285          
1286          
1287          
1288          
1289          
1290          
1291          
1292          
1293          
1294          
1295          
1296          
1297          
1298          
1299          
1300          
1301          
1302          
1303          
1304          
1305          
1306          
1307          
1308          
1309          
1310          
1311          
1312          
1313          
1314          
1315          
1316          
1317          
1318          
1319          
1320          
1321          
1322          
1323          
1324          
