cycle  INDEX  OPCODE          WIDTH  SDC  SYMPTOM  TRUE  
0      16     alloca          64     0    47       17    
1      17     alloca          64     0    52       12    
2      21     load            64     0    0        64    
3      22     fcmp            1      1    0        0     
4      24     load            64     2    0        62    
5      25     load            64     2    0        62    
6      8      alloca          64     0    50       14    
7      10     call            64     2    0        62    
8      11     fmul            64     1    0        63    
9      12     load            64     2    0        62    
10     13     fmul            64     2    0        62    
11     14     fdiv            64     2    0        62    
12     26     call            64     2    0        62    
13     27     call            32     0    0        32    
14     29     load            64     1    0        63    
15     30     fadd            64     61   0        3     
16     21     load            64     7    0        57    
17     22     fcmp            1      1    0        0     
18     24     load            64     18   0        46    
19     25     load            64     55   0        9     
20     8      alloca          64     3    52       9     
21     10     call            64     52   0        12    
22     11     fmul            64     52   0        12    
23     12     load            64     55   0        9     
24     13     fmul            64     52   0        12    
25     14     fdiv            64     52   0        12    
26     26     call            64     52   0        12    
27     27     call            32     0    0        32    
28     29     load            64     61   0        3     
29     30     fadd            64     62   0        2     
30     21     load            64     7    0        57    
31     22     fcmp            1      1    0        0     
32     24     load            64     18   0        46    
33     25     load            64     52   0        12    
34     8      alloca          64     2    53       9     
35     10     call            64     53   0        11    
36     11     fmul            64     53   0        11    
37     12     load            64     52   0        12    
38     13     fmul            64     53   0        11    
39     14     fdiv            64     53   0        11    
40     26     call            64     53   0        11    
41     27     call            32     0    0        32    
42     29     load            64     62   0        2     
43     30     fadd            64     63   0        1     
44     21     load            64     7    0        57    
45     22     fcmp            1      1    0        0     
46     24     load            64     20   0        44    
47     25     load            64     55   0        9     
48     8      alloca          64     4    50       10    
49     10     call            64     53   0        11    
50     11     fmul            64     53   0        11    
51     12     load            64     55   0        9     
52     13     fmul            64     53   0        11    
53     14     fdiv            64     55   0        9     
54     26     call            64     55   0        9     
55     27     call            32     0    0        32    
56     29     load            64     63   0        1     
57     30     fadd            64     63   0        1     
58     21     load            64     7    0        57    
59     22     fcmp            1      1    0        0     
60     24     load            64     19   0        45    
61     25     load            64     53   0        11    
62     8      alloca          64     1    52       11    
63     10     call            64     54   0        10    
64     11     fmul            64     54   0        10    
65     12     load            64     53   0        11    
66     13     fmul            64     55   0        9     
67     14     fdiv            64     54   0        10    
68     26     call            64     54   0        10    
69     27     call            32     0    0        32    
70     29     load            64     63   0        1     
71     30     fadd            64     63   0        1     
72     21     load            64     8    0        56    
73     22     fcmp            1      1    0        0     
74     24     load            64     20   0        44    
75     25     load            64     54   0        10    
76     8      alloca          64     2    50       12    
77     10     call            64     54   0        10    
78     11     fmul            64     54   0        10    
79     12     load            64     54   0        10    
80     13     fmul            64     54   0        10    
81     14     fdiv            64     54   0        10    
82     26     call            64     54   0        10    
83     27     call            32     0    0        32    
84     29     load            64     63   0        1     
85     30     fadd            64     64   0        0     
86     21     load            64     8    0        56    
87     22     fcmp            1      1    0        0     
88     24     load            64     20   0        44    
89     25     load            64     54   0        10    
90     8      alloca          64     3    53       8     
91     10     call            64     54   0        10    
92     11     fmul            64     54   0        10    
93     12     load            64     54   0        10    
94     13     fmul            64     55   0        9     
95     14     fdiv            64     55   0        9     
96     26     call            64     55   0        9     
97     27     call            32     0    0        32    
98     29     load            64     64   0        0     
99     30     fadd            64     64   0        0     
100    21     load            64     9    0        55    
101    22     fcmp            1      1    0        0     
102    24     load            64     21   0        43    
103    25     load            64     55   0        9     
104    8      alloca          64     4    52       8     
105    10     call            64     55   0        9     
106    11     fmul            64     55   0        9     
107    12     load            64     55   0        9     
108    13     fmul            64     54   0        10    
109    14     fdiv            64     54   0        10    
110    26     call            64     54   0        10    
111    27     call            32     0    0        32    
112    29     load            64     64   0        0     
113    30     fadd            64     64   0        0     
114    21     load            64     56   0        8     
115    22     fcmp            1      1    0        0     
116    24     load            64     20   0        44    
117    25     load            64     54   0        10    
118    8      alloca          64     0    52       12    
119    10     call            64     55   0        9     
120    11     fmul            64     55   0        9     
121    12     load            64     54   0        10    
122    13     fmul            64     57   0        7     
123    14     fdiv            64     55   0        9     
124    26     call            64     55   0        9     
125    27     call            32     0    0        32    
126    29     load            64     6    0        58    
127    30     fadd            64     6    0        58    
128    21     load            64     6    0        58    
129    22     fcmp            1      1    0        0     
130    33     call            32     0    0        32    
131    36     load            64     0    0        64    
132    37     call            64     1    0        63    
133    38     fmul            64     1    0        63    
134    39     fmul            64     1    0        63    
135    40     fadd            64     1    0        63    
136    41     fcmp            1      1    0        0     
137    43     load            64     2    0        62    
138    44     load            64     2    0        62    
139    0      alloca          64     0    52       12    
140    2      load            64     2    0        62    
141    3      fmul            64     2    0        62    
142    4      call            64     1    0        63    
143    5      fmul            64     1    0        63    
144    6      fdiv            64     2    0        62    
145    45     call            64     2    0        62    
146    46     call            32     0    0        32    
147    48     call            64     55   0        9     
148    49     fmul            64     55   0        9     
149    50     fdiv            64     55   0        9     
150    51     load            64     1    0        63    
151    52     fadd            64     55   0        9     
152    36     load            64     1    0        63    
153    37     call            64     9    0        55    
154    38     fmul            64     2    0        62    
155    39     fmul            64     2    0        62    
156    40     fadd            64     2    0        62    
157    41     fcmp            1      1    0        0     
158    43     load            64     52   0        12    
159    44     load            64     17   0        47    
160    0      alloca          64     1    51       12    
161    2      load            64     17   0        47    
162    3      fmul            64     17   0        47    
163    4      call            64     17   0        47    
164    5      fmul            64     17   0        47    
165    6      fdiv            64     17   0        47    
166    45     call            64     17   0        47    
167    46     call            32     0    0        32    
168    48     call            64     55   0        9     
169    49     fmul            64     55   0        9     
170    50     fdiv            64     55   0        9     
171    51     load            64     55   0        9     
172    52     fadd            64     56   0        8     
173    36     load            64     1    0        63    
174    37     call            64     9    0        55    
175    38     fmul            64     2    0        62    
176    39     fmul            64     2    0        62    
177    40     fadd            64     2    0        62    
178    41     fcmp            1      1    0        0     
179    43     load            64     53   0        11    
180    44     load            64     18   0        46    
181    0      alloca          64     1    49       14    
182    2      load            64     18   0        46    
183    3      fmul            64     18   0        46    
184    4      call            64     18   0        46    
185    5      fmul            64     18   0        46    
186    6      fdiv            64     18   0        46    
187    45     call            64     18   0        46    
188    46     call            32     0    0        32    
189    48     call            64     55   0        9     
190    49     fmul            64     55   0        9     
191    50     fdiv            64     55   0        9     
192    51     load            64     56   0        8     
193    52     fadd            64     58   0        6     
194    36     load            64     1    0        63    
195    37     call            64     9    0        55    
196    38     fmul            64     2    0        62    
197    39     fmul            64     2    0        62    
198    40     fadd            64     2    0        62    
199    41     fcmp            1      1    0        0     
200    43     load            64     53   0        11    
201    44     load            64     18   0        46    
202    0      alloca          64     1    51       12    
203    2      load            64     18   0        46    
204    3      fmul            64     19   0        45    
205    4      call            64     18   0        46    
206    5      fmul            64     18   0        46    
207    6      fdiv            64     18   0        46    
208    45     call            64     18   0        46    
209    46     call            32     0    0        32    
210    48     call            64     55   0        9     
211    49     fmul            64     55   0        9     
212    50     fdiv            64     55   0        9     
213    51     load            64     58   0        6     
214    52     fadd            64     58   0        6     
215    36     load            64     9    0        55    
216    37     call            64     10   0        54    
217    38     fmul            64     2    0        62    
218    39     fmul            64     2    0        62    
219    40     fadd            64     2    0        62    
220    41     fcmp            1      1    0        0     
221    43     load            64     54   0        10    
222    44     load            64     19   0        45    
223    0      alloca          64     1    51       12    
224    2      load            64     19   0        45    
225    3      fmul            64     19   0        45    
226    4      call            64     19   0        45    
227    5      fmul            64     19   0        45    
228    6      fdiv            64     19   0        45    
229    45     call            64     19   0        45    
230    46     call            32     0    0        32    
231    48     call            64     55   0        9     
232    49     fmul            64     55   0        9     
233    50     fdiv            64     55   0        9     
234    51     load            64     58   0        6     
235    52     fadd            64     58   0        6     
236    36     load            64     9    0        55    
237    37     call            64     10   0        54    
238    38     fmul            64     2    0        62    
239    39     fmul            64     2    0        62    
240    40     fadd            64     2    0        62    
241    41     fcmp            1      1    0        0     
242    43     load            64     58   0        6     
243    44     load            64     19   0        45    
244    0      alloca          64     1    53       10    
245    2      load            64     19   0        45    
246    3      fmul            64     19   0        45    
247    4      call            64     19   0        45    
248    5      fmul            64     19   0        45    
249    6      fdiv            64     20   0        44    
250    45     call            64     20   0        44    
251    46     call            32     0    0        32    
252    48     call            64     53   0        11    
253    49     fmul            64     53   0        11    
254    50     fdiv            64     54   0        10    
255    51     load            64     56   0        8     
256    52     fadd            64     56   0        8     
257    36     load            64     9    0        55    
258    37     call            64     10   0        54    
259    38     fmul            64     2    0        62    
260    39     fmul            64     2    0        62    
261    40     fadd            64     2    0        62    
262    41     fcmp            1      1    0        0     
263    43     load            64     54   0        10    
264    44     load            64     19   0        45    
265    0      alloca          64     1    52       11    
266    2      load            64     19   0        45    
267    3      fmul            64     20   0        44    
268    4      call            64     19   0        45    
269    5      fmul            64     19   0        45    
270    6      fdiv            64     20   0        44    
271    45     call            64     20   0        44    
272    46     call            32     0    0        32    
273    48     call            64     53   0        11    
274    49     fmul            64     53   0        11    
275    50     fdiv            64     54   0        10    
276    51     load            64     56   0        8     
277    52     fadd            64     56   0        8     
278    36     load            64     10   0        54    
279    37     call            64     10   0        54    
280    38     fmul            64     2    0        62    
281    39     fmul            64     3    0        61    
282    40     fadd            64     3    0        61    
283    41     fcmp            1      1    0        0     
284    43     load            64     54   0        10    
285    44     load            64     19   0        45    
286    0      alloca          64     2    49       13    
287    2      load            64     19   0        45    
288    3      fmul            64     20   0        44    
289    4      call            64     20   0        44    
290    5      fmul            64     20   0        44    
291    6      fdiv            64     20   0        44    
292    45     call            64     20   0        44    
293    46     call            32     0    0        32    
294    48     call            64     53   0        11    
295    49     fmul            64     53   0        11    
296    50     fdiv            64     54   0        10    
297    51     load            64     56   0        8     
298    52     fadd            64     57   0        7     
299    36     load            64     9    0        55    
300    37     call            64     10   0        54    
301    38     fmul            64     2    0        62    
302    39     fmul            64     3    0        61    
303    40     fadd            64     3    0        61    
304    41     fcmp            1      1    0        0     
305    43     load            64     55   0        9     
306    44     load            64     20   0        44    
307    0      alloca          64     2    52       10    
308    2      load            64     20   0        44    
309    3      fmul            64     20   0        44    
310    4      call            64     20   0        44    
311    5      fmul            64     20   0        44    
312    6      fdiv            64     20   0        44    
313    45     call            64     20   0        44    
314    46     call            32     0    0        32    
315    48     call            64     53   0        11    
316    49     fmul            64     53   0        11    
317    50     fdiv            64     53   0        11    
318    51     load            64     56   0        8     
319    52     fadd            64     57   0        7     
320    36     load            64     10   0        54    
321    37     call            64     11   0        53    
322    38     fmul            64     3    0        61    
323    39     fmul            64     4    0        60    
324    40     fadd            64     4    0        60    
325    41     fcmp            1      1    0        0     
326    43     load            64     55   0        9     
327    44     load            64     20   0        44    
328    0      alloca          64     2    50       12    
329    2      load            64     20   0        44    
330    3      fmul            64     20   0        44    
331    4      call            64     20   0        44    
332    5      fmul            64     20   0        44    
333    6      fdiv            64     20   0        44    
334    45     call            64     20   0        44    
335    46     call            32     0    0        32    
336    48     call            64     53   0        11    
337    49     fmul            64     53   0        11    
338    50     fdiv            64     53   0        11    
339    51     load            64     57   0        7     
340    52     fadd            64     56   0        8     
341    36     load            64     10   0        54    
342    37     call            64     11   0        53    
343    38     fmul            64     3    0        61    
344    39     fmul            64     4    0        60    
345    40     fadd            64     4    0        60    
346    41     fcmp            1      1    0        0     
347    43     load            64     54   0        10    
348    44     load            64     20   0        44    
349    0      alloca          64     2    50       12    
350    2      load            64     20   0        44    
351    3      fmul            64     20   0        44    
352    4      call            64     20   0        44    
353    5      fmul            64     20   0        44    
354    6      fdiv            64     21   0        43    
355    45     call            64     21   0        43    
356    46     call            32     0    0        32    
357    48     call            64     53   0        11    
358    49     fmul            64     53   0        11    
359    50     fdiv            64     53   0        11    
360    51     load            64     56   0        8     
361    52     fadd            64     57   0        7     
362    36     load            64     10   0        54    
363    37     call            64     11   0        53    
364    38     fmul            64     3    0        61    
365    39     fmul            64     4    0        60    
366    40     fadd            64     4    0        60    
367    41     fcmp            1      1    0        0     
368    43     load            64     55   0        9     
369    44     load            64     20   0        44    
370    0      alloca          64     2    50       12    
371    2      load            64     20   0        44    
372    3      fmul            64     21   0        43    
373    4      call            64     20   0        44    
374    5      fmul            64     20   0        44    
375    6      fdiv            64     21   0        43    
376    45     call            64     21   0        43    
377    46     call            32     0    0        32    
378    48     call            64     52   0        12    
379    49     fmul            64     52   0        12    
380    50     fdiv            64     52   0        12    
381    51     load            64     56   0        8     
382    52     fadd            64     55   0        9     
383    36     load            64     19   0        45    
384    37     call            64     21   0        43    
385    38     fmul            64     13   0        51    
386    39     fmul            64     14   0        50    
387    40     fadd            64     15   0        49    
388    41     fcmp            1      1    0        0     
389    43     load            64     55   0        9     
390    44     load            64     20   0        44    
391    0      alloca          64     1    51       12    
392    2      load            64     20   0        44    
393    3      fmul            64     21   0        43    
394    4      call            64     20   0        44    
395    5      fmul            64     20   0        44    
396    6      fdiv            64     21   0        43    
397    45     call            64     21   0        43    
398    46     call            32     0    0        32    
399    48     call            64     6    0        58    
400    49     fmul            64     2    0        62    
401    50     fdiv            64     6    0        58    
402    51     load            64     4    0        60    
403    52     fadd            64     4    0        60    
404    36     load            64     4    0        60    
405    37     call            64     3    0        61    
406    38     fmul            64     11   0        53    
407    39     fmul            64     10   0        54    
408    40     fadd            64     10   0        54    
409    41     fcmp            1      1    0        0     
